1.1207568645477295
1.0971429347991943
1.1584510803222656
1.7189433574676514
1.1144790649414062
1.5476901531219482
1.7872114181518555
1.6840095520019531
1.5642569065093994
1.7544653415679932
1.7225024700164795
1.6405816078186035
1.7935640811920166
1.7012228965759277
1.8174145221710205
1.7202022075653076
1.7073040008544922
1.8936471939086914
1.104971170425415
1.5571684837341309
1.704014778137207
1.5697946548461914
1.4608025550842285
1.5040574073791504
1.9180545806884766
2.400500774383545
1.8180265426635742
1.5733065605163574
1.4688570499420166
1.849714994430542
1.8346734046936035
1.6828231811523438
1.7585599422454834
1.5798556804656982
1.7460687160491943
1.5149977207183838
1.9204673767089844
1.9820959568023682
1.568331003189087
1.5736873149871826
1.8442752361297607
1.4855949878692627
1.5168461799621582
1.7672607898712158
1.1167750358581543
1.4810185432434082
1.5233416557312012
1.7226982116699219
1.4531135559082031
1.5680716037750244
1.7636828422546387
1.4362380504608154
1.2909748554229736
1.8192462921142578
1.7344212532043457
1.6490137577056885
1.239675521850586
1.4149045944213867
1.5450568199157715
1.8349010944366455
1.803523302078247
1.8715424537658691
1.5771925449371338
2.102034330368042
1.3361587524414062
2.175107479095459
1.9384984970092773
1.471872091293335
1.4826469421386719
1.2639453411102295
1.8291974067687988
1.6628897190093994
1.507573127746582
1.5061261653900146
1.5008959770202637
1.618696928024292
2.3515992164611816
1.3367180824279785
1.2916886806488037
1.8875079154968262
1.5627329349517822
1.500514030456543
1.8430194854736328
1.2620694637298584
1.8377602100372314
1.8059935569763184
1.4528999328613281
1.2691237926483154
1.4798741340637207
1.2820003032684326
2.43784236907959
1.3228809833526611
1.9272077083587646
2.3585522174835205
1.5376105308532715
1.4693095684051514
1.3212320804595947
1.5732595920562744
1.4726781845092773
1.888948678970337
1.2259905338287354
1.2721283435821533
2.2939631938934326
1.859287977218628
1.418001651763916
1.575852394104004
1.4442753791809082
1.9871466159820557
1.4997680187225342
1.825331449508667
1.7446401119232178
1.5296316146850586
1.2299585342407227
1.7286677360534668
1.730708122253418
1.9350662231445312
1.4750676155090332
1.8108439445495605
1.2542450428009033
1.4119212627410889
1.497978925704956
1.4414172172546387
1.3926072120666504
1.725620985031128
1.663109302520752
1.8858311176300049
1.7810320854187012
1.5849542617797852
1.8959259986877441
2.2812705039978027
1.507650375366211
1.9059607982635498
1.4977312088012695
1.4543488025665283
1.3971009254455566
1.3177216053009033
1.3112292289733887
1.548950433731079
1.760547399520874
1.2577917575836182
1.2678170204162598
2.1182165145874023
1.3073627948760986
1.4095187187194824
1.5071043968200684
1.3447153568267822
2.0326106548309326
1.238950490951538
1.4367632865905762
1.5777885913848877
1.3095662593841553
1.1272456645965576
1.2576842308044434
1.7930495738983154
1.3446671962738037
1.2669072151184082
1.3465051651000977
1.4294421672821045
1.2756383419036865
1.6807990074157715
2.0481512546539307
1.9510328769683838
1.340442419052124
1.9924054145812988
1.362255573272705
1.3079752922058105
1.4968442916870117
1.3087961673736572
1.2462060451507568
1.3014585971832275
1.6283278465270996
2.1796395778656006
1.3134441375732422
1.3297924995422363
1.2700059413909912
1.2455389499664307
1.2775888442993164
1.9837803840637207
1.557215929031372
1.6032865047454834
2.7075397968292236
1.798654556274414
1.4379944801330566
1.1910295486450195
1.3711895942687988
1.5257542133331299
1.5739784240722656
1.3681676387786865
2.0000295639038086
1.9557268619537354
1.7340199947357178
1.284916639328003
1.5555760860443115
1.5804438591003418
1.624697208404541
1.4624245166778564
1.7368087768554688
1.476508378982544
1.7378976345062256
1.2720136642456055
1.3794517517089844
1.3093852996826172
2.176790952682495
1.520033359527588
1.5202300548553467
1.3143057823181152
1.5669984817504883
1.9230518341064453
1.5068306922912598
1.3243422508239746
1.3745992183685303
2.1598961353302
1.6366922855377197
1.2919421195983887
1.274930477142334
1.466301679611206
2.0201101303100586
1.4423415660858154
1.5196423530578613
1.1280076503753662
1.9038457870483398
1.7039966583251953
1.5852994918823242
1.4597644805908203
1.4490909576416016
1.4297754764556885
1.492173194885254
1.8534715175628662
1.340548038482666
1.353943109512329
1.77626371383667
1.2650551795959473
1.842214584350586
1.6041874885559082
1.3296172618865967
1.2938637733459473
1.4300520420074463
1.3186397552490234
1.8506107330322266
1.1275725364685059
1.2919964790344238
2.0447583198547363
1.3597753047943115
1.4590325355529785
1.354741096496582
1.762005090713501
1.2460262775421143
1.2599115371704102
1.5149517059326172
2.1302409172058105
1.3180322647094727
1.2907497882843018
1.7234776020050049
1.6371212005615234
1.3300251960754395
1.903533935546875
1.2925293445587158
1.4899024963378906
1.213965892791748
1.9128632545471191
1.3485727310180664
1.410292625427246
2.2769651412963867
1.709787130355835
1.4956846237182617
1.4006950855255127
2.02150297164917
1.300513744354248
1.964540958404541
1.336167812347412
1.2408089637756348
1.2604644298553467
1.5385029315948486
1.3599083423614502
1.307457447052002
1.4692845344543457
1.8955225944519043
1.3323736190795898
1.7625164985656738
1.2665724754333496
1.2444047927856445
1.219010353088379
1.5345878601074219
2.0613365173339844
1.3542284965515137
1.2315833568572998
1.289116382598877
1.8089191913604736
1.2991697788238525
1.4021811485290527
1.3461923599243164
1.362492561340332
1.2640109062194824
1.883908748626709
1.5759472846984863
1.6313667297363281
1.316495418548584
1.308736801147461
1.4914796352386475
1.3580081462860107
1.5718345642089844
1.5268938541412354
1.3691504001617432
1.9014599323272705
1.9206078052520752
1.3703784942626953
1.2792563438415527
1.2415854930877686
1.2865478992462158
1.357598066329956
1.3324267864227295
1.258810043334961
2.0967938899993896
1.3809068202972412
1.2976911067962646
2.186816930770874
1.9595110416412354
1.6346042156219482
1.3896543979644775
1.4209275245666504
1.8239634037017822
1.8467047214508057
1.5479471683502197
1.6814751625061035
1.2654521465301514
1.122204065322876
1.4979362487792969
1.282377004623413
1.3403887748718262
1.4979119300842285
1.5225741863250732
1.3907086849212646
1.2742838859558105
1.2936151027679443
1.2819337844848633
1.442077875137329
1.3318822383880615
1.3282203674316406
1.4624123573303223
1.5690388679504395
1.6137890815734863
1.3221514225006104
1.2929046154022217
1.2395365238189697
1.8871073722839355
1.266636610031128
1.539621353149414
1.7362761497497559
1.5557663440704346
1.1541507244110107
1.4565649032592773
1.247934341430664
1.3633942604064941
1.4963862895965576
1.3266205787658691
1.489264965057373
1.374964952468872
1.2780778408050537
1.341097116470337
1.9802074432373047
1.2443828582763672
1.337611436843872
1.5015108585357666
1.9694042205810547
1.5909991264343262
1.2990410327911377
1.3057596683502197
1.3060064315795898
1.970071792602539
1.277956247329712
1.328298568725586
1.2732222080230713
1.9399373531341553
1.574763298034668
1.3225481510162354
1.3340485095977783
1.2651185989379883
1.5198075771331787
1.991825819015503
1.2625713348388672
1.4615991115570068
1.7931928634643555
1.344836950302124
1.6347935199737549
1.3354015350341797
1.4866714477539062
1.746483564376831
1.3239772319793701
1.494513750076294
1.345674753189087
1.3669586181640625
1.9004855155944824
1.3108739852905273
1.2136220932006836
2.0354270935058594
1.7692651748657227
1.4260759353637695
1.6551613807678223
1.7220869064331055
1.2946844100952148
1.6303272247314453
1.2973508834838867
1.3103551864624023
1.4686098098754883
1.2238926887512207
1.5672101974487305
1.8968532085418701
1.3259074687957764
1.4795818328857422
1.2911291122436523
1.304586410522461
1.3918113708496094
1.313908576965332
1.3652129173278809
1.3729197978973389
1.352494478225708
1.8366045951843262
1.2253897190093994
1.291106939315796
1.487377405166626
1.276181697845459
1.4217720031738281
1.263859748840332
1.4841194152832031
1.2279350757598877
1.6063082218170166
1.5007469654083252
1.4256744384765625
1.2465646266937256
1.3667962551116943
1.3391976356506348
1.317230463027954
1.306431770324707
1.9260227680206299
1.6298761367797852
1.2728326320648193
2.0152153968811035
2.012592077255249
1.5447030067443848
1.289790153503418
2.4576239585876465
1.4603636264801025
1.2852766513824463
1.4089138507843018
1.4470460414886475
1.5410799980163574
1.2289831638336182
1.340944528579712
1.3351473808288574
1.474421501159668
1.256591796875
1.1905970573425293
1.818028211593628
1.290283441543579
1.3058600425720215
1.9861128330230713
1.7418673038482666
1.4617154598236084
1.75714111328125
1.2337019443511963
1.8134961128234863
1.3132143020629883
1.2971162796020508
1.425248622894287
1.3471438884735107
1.3057212829589844
2.1604807376861572
1.3221259117126465
1.3637170791625977
1.2420356273651123
1.3082275390625
2.1892178058624268
1.379666805267334
1.3339622020721436
1.1169278621673584
1.4851994514465332
1.279402732849121
1.786146640777588
1.522186517715454
1.3495283126831055
1.490894079208374
1.8598966598510742
1.5768191814422607
1.4894359111785889
1.311246633529663
1.6635704040527344
1.4869709014892578
2.140111207962036
1.5977988243103027
1.3583495616912842
1.3565423488616943
1.8691866397857666
1.3329308032989502
1.8784351348876953
1.8353385925292969
1.3486804962158203
1.3441996574401855
1.7017490863800049
1.266740322113037
1.274482250213623
1.328606128692627
1.2903594970703125
1.2881624698638916
1.2790555953979492
1.3104486465454102
1.7194371223449707
1.286311388015747
1.8670647144317627
2.066762924194336
1.4457347393035889
1.3633427619934082
1.9894909858703613
1.4381589889526367
1.3435585498809814
1.386997938156128
1.2731678485870361
1.2833378314971924
1.356898307800293
2.180043935775757
1.3228049278259277
1.3399596214294434
1.5224554538726807
1.6652154922485352
1.266310691833496
1.2537586688995361
1.351644515991211
1.5070395469665527
1.412226676940918
1.4390342235565186
1.3126988410949707
1.319019079208374
1.2587428092956543
1.3093159198760986
1.6243703365325928
1.2913827896118164
1.2512366771697998
1.2483594417572021
1.3342738151550293
1.7611408233642578
1.321033239364624
1.2570772171020508
1.3854408264160156
1.495873212814331
1.6652700901031494
2.6067962646484375
1.3809916973114014
1.1986968517303467
1.3377094268798828
1.266049861907959
1.3265092372894287
1.3121659755706787
1.2349488735198975
1.2965953350067139
1.465801477432251
1.5865514278411865
2.2389492988586426
1.4120378494262695
1.4624714851379395
1.313612699508667
1.0556552410125732
1.3141024112701416
1.1581873893737793
1.2894999980926514
1.5064795017242432
1.4740333557128906
1.308356761932373
1.391122579574585
1.348710060119629
1.4053637981414795
1.718404769897461
1.5606958866119385
1.2926676273345947
1.3504016399383545
1.3227994441986084
1.2961375713348389
1.5166361331939697
1.5207672119140625
1.270836353302002
1.3073616027832031
1.339585304260254
1.315434455871582
1.2801241874694824
1.3260400295257568
1.3172111511230469
1.2848289012908936
1.5288517475128174
1.2354755401611328
1.3071093559265137
1.2973194122314453
1.590043544769287
1.379413366317749
1.84074068069458
1.83797287940979
1.3173601627349854
2.1225461959838867
1.2758674621582031
1.3067846298217773
1.5652096271514893
1.2977750301361084
1.488107681274414
1.2676239013671875
1.303034782409668
1.6338942050933838
1.2820637226104736
1.4773144721984863
1.3514947891235352
1.2651777267456055
1.3768091201782227
1.4347009658813477
1.4060335159301758
1.187546968460083
1.3453576564788818
1.434859275817871
2.8521711826324463
1.4930143356323242
1.2609484195709229
1.3082098960876465
2.4577341079711914
1.317622184753418
1.4470374584197998
1.7030038833618164
1.327507495880127
1.4085440635681152
2.095802068710327
1.3292813301086426
1.3129148483276367
1.4320836067199707
1.329643964767456
1.5535516738891602
1.6150047779083252
1.331671953201294
1.172422170639038
1.2595348358154297
1.299283504486084
1.2611584663391113
1.6003868579864502
1.2971670627593994
1.3054203987121582
1.619041919708252
1.8793189525604248
1.4717726707458496
1.7495512962341309
1.470942497253418
1.3667004108428955
1.3102576732635498
1.5000498294830322
1.273303508758545
1.337860345840454
1.2635633945465088
1.2619121074676514
1.3249473571777344
1.5101349353790283
1.8139944076538086
2.0356223583221436
1.3367869853973389
1.3383395671844482
1.4863321781158447
1.5582993030548096
1.3539648056030273
1.419555902481079
1.3571958541870117
1.320723295211792
1.9171500205993652
1.3440775871276855
1.3680343627929688
1.8763577938079834
1.366213083267212
1.8591256141662598
1.5268986225128174
2.098719358444214
1.2782793045043945
1.3160161972045898
1.4497504234313965
1.4228794574737549
1.2655484676361084
1.8062961101531982
1.3438644409179688
1.7461397647857666
1.391249179840088
1.3122894763946533
1.5596628189086914
1.3820273876190186
1.292994499206543
1.4533171653747559
1.289435863494873
1.2944533824920654
1.3519392013549805
1.3939096927642822
1.3608574867248535
1.2948229312896729
1.841750144958496
2.3221795558929443
1.314573049545288
1.6585314273834229
1.671004295349121
1.3060216903686523
1.30269455909729
1.280792474746704
1.444166660308838
1.4971046447753906
1.3501813411712646
1.5641682147979736
1.2682292461395264
1.563037395477295
1.7563490867614746
1.2582767009735107
1.1382582187652588
1.3878636360168457
1.37125563621521
1.393211841583252
1.2983875274658203
1.9508702754974365
1.4035758972167969
1.3173058032989502
1.6035494804382324
1.3849804401397705
1.257683515548706
1.0610754489898682
1.7253079414367676
1.2454843521118164
1.303514003753662
1.7409911155700684
1.6143724918365479
1.3390491008758545
1.8509438037872314
1.3374505043029785
1.2772901058197021
1.3096673488616943
1.2611489295959473
1.3723289966583252
1.2671658992767334
1.3329048156738281
1.5607199668884277
1.2921228408813477
1.2505064010620117
1.5097956657409668
1.5468976497650146
1.258368730545044
1.3660893440246582
1.2681286334991455
1.6606535911560059
1.3637783527374268
1.2834959030151367
1.3177475929260254
1.4552991390228271
1.295273780822754
1.3085436820983887
1.8628623485565186
1.3162832260131836
2.1249403953552246
1.2101538181304932
1.3174145221710205
1.402902364730835
1.897949457168579
1.3805453777313232
2.2797963619232178
2.147859811782837
1.5797803401947021
1.303239345550537
1.3574151992797852
2.0758135318756104
1.8195295333862305
1.5100693702697754
1.2699546813964844
1.3885796070098877
1.495154857635498
1.3317906856536865
1.3025844097137451
1.4110972881317139
1.279529333114624
1.323415994644165
2.1726865768432617
1.2725467681884766
1.3121004104614258
1.321380376815796
1.7813835144042969
1.3861987590789795
1.406310796737671
1.3856005668640137
1.2729945182800293
1.3281140327453613
1.2787892818450928
1.3083915710449219
1.1216228008270264
1.3247120380401611
1.2638185024261475
1.3667984008789062
1.5495848655700684
1.6183021068572998
1.3143107891082764
1.7180020809173584
1.2926247119903564
1.2913968563079834
1.398996114730835
1.482229471206665
1.3106186389923096
1.2494001388549805
1.2594685554504395
2.004293918609619
1.3293728828430176
1.3152344226837158
1.3599083423614502
1.4872782230377197
1.3273773193359375
1.2584097385406494
1.3291070461273193
1.3030726909637451
1.290940284729004
1.7930476665496826
1.4748528003692627
1.3352375030517578
1.4940712451934814
1.238084077835083
1.718470811843872
1.53200364112854
1.207519292831421
1.5998096466064453
1.3105394840240479
1.2416071891784668
1.3619422912597656
1.4236724376678467
1.386554479598999
1.2713077068328857
1.3834850788116455
1.4607083797454834
1.3895795345306396
1.2766063213348389
1.3239965438842773
1.2231743335723877
1.2827379703521729
1.2411994934082031
1.2821190357208252
1.3287620544433594
1.2871918678283691
1.3151166439056396
1.3670921325683594
1.3735947608947754
1.3244357109069824
1.7452571392059326
1.3896749019622803
1.2994821071624756
1.5080351829528809
1.4619998931884766
1.5190017223358154
1.5949022769927979
1.278693675994873
1.3457343578338623
1.2545490264892578
1.2933194637298584
1.2604172229766846
2.5402934551239014
1.2791132926940918
1.3764674663543701
2.0267724990844727
1.7723166942596436
1.3184893131256104
1.4485328197479248
1.9391818046569824
1.4339287281036377
1.3286550045013428
1.2444632053375244
1.3984167575836182
1.326810359954834
1.3339691162109375
1.312452793121338
1.6271939277648926
1.2991664409637451
1.3457558155059814
1.2680673599243164
1.604870319366455
1.9127321243286133
1.3880348205566406
1.2983324527740479
1.4806272983551025
1.360388994216919
1.3184518814086914
1.3684678077697754
1.3474223613739014
1.2681248188018799
1.3162543773651123
1.3395287990570068
1.3531951904296875
1.5303058624267578
1.2564942836761475
1.3607795238494873
1.31898832321167
1.303570032119751
1.4389467239379883
1.079195261001587
1.228874921798706
1.2668910026550293
1.6120202541351318
1.5141758918762207
1.274395227432251
1.5691158771514893
1.307352066040039
1.552441120147705
1.133239507675171
1.2749462127685547
1.306649923324585
1.8850717544555664
1.8647370338439941
1.2989943027496338
1.2579176425933838
1.429938554763794
1.5395488739013672
1.266510009765625
1.410494089126587
1.3346893787384033
1.3729236125946045
1.3515195846557617
1.2588307857513428
1.3626599311828613
1.3216900825500488
1.9919087886810303
1.462761402130127
1.3727824687957764
1.350055456161499
1.3325402736663818
1.2434532642364502
1.5661027431488037
1.9669923782348633
1.3938300609588623
1.5124709606170654
1.8612148761749268
1.3275175094604492
1.3159606456756592
1.2422807216644287
1.4495344161987305
1.3957033157348633
1.3170747756958008
1.3115177154541016
2.3720474243164062
1.4629874229431152
1.5236752033233643
1.2733285427093506
1.349250316619873
1.3421671390533447
1.5219895839691162
1.2533328533172607
1.3017516136169434
1.3674705028533936
1.8737297058105469
1.3425889015197754
1.3643639087677002
1.530552864074707
1.4491989612579346
1.301142692565918
1.3714535236358643
1.804511308670044
1.5397038459777832
1.4380176067352295
1.2703273296356201
1.4285707473754883
1.2826645374298096
1.3491811752319336
1.333650827407837
1.4687020778656006
1.3113481998443604
1.494434118270874
1.373767614364624
1.9636876583099365
1.2950279712677002
1.7308223247528076
1.313127040863037
1.2890393733978271
1.2983794212341309
1.3240375518798828
1.259880781173706
1.3491051197052002
1.3356258869171143
1.1153388023376465
1.5100817680358887
1.521071195602417
1.2741897106170654
1.6970689296722412
1.1620147228240967
1.4062418937683105
1.3316023349761963
1.4701881408691406
1.2862918376922607
1.3304696083068848
1.3512465953826904
1.2812895774841309
1.48832368850708
1.5594820976257324
1.3079633712768555
1.344414234161377
1.4219863414764404
1.2541418075561523
1.2291560173034668
1.2842752933502197
1.3404500484466553
1.2958273887634277
1.5107834339141846
1.359670639038086
1.4164760112762451
1.348881721496582
1.559324026107788
1.2761476039886475
1.2239525318145752
1.3825676441192627
1.3004343509674072
1.5425245761871338
1.4118139743804932
1.3447766304016113
1.3319878578186035
1.34665846824646
1.3787615299224854
1.2922933101654053
1.396806001663208
1.320342779159546
1.2940690517425537
1.260460376739502
1.5603058338165283
1.7912707328796387
1.5229814052581787
2.0202314853668213
1.4472301006317139
1.1395988464355469
1.50522780418396
1.2945384979248047
1.4751222133636475
1.8031601905822754
1.5924935340881348
1.3127906322479248
1.3993709087371826
1.2489409446716309
1.2699000835418701
1.3582522869110107
1.3657176494598389
1.3383347988128662
1.347954511642456
1.3556931018829346
1.2911245822906494
1.2665226459503174
1.3079869747161865
1.4109246730804443
1.3989970684051514
1.3664374351501465
1.354574203491211
1.3739392757415771
1.3007004261016846
1.5596320629119873
1.4004452228546143
1.2506389617919922
1.3143353462219238
1.3134129047393799
1.2494173049926758
1.2960753440856934
1.3356740474700928
1.9699857234954834
1.2731719017028809
1.285651445388794
1.504352331161499
1.914144515991211
1.3070590496063232
1.6087346076965332
1.255770206451416
1.5160200595855713
1.5313408374786377
1.3058898448944092
1.3595671653747559
1.371654748916626
1.7420363426208496
1.2648413181304932
1.2687857151031494
1.2875332832336426
1.3148996829986572
1.250859260559082
1.3203234672546387
1.322005033493042
2.353634834289551
1.284019947052002
1.4916481971740723
1.3282465934753418
1.343214988708496
1.3115949630737305
1.3367440700531006
1.3197612762451172
1.5086119174957275
1.322843313217163
1.2746798992156982
1.3955104351043701
1.483231782913208
1.8011579513549805
1.932800531387329
1.2660274505615234
1.2957663536071777
1.3612184524536133
1.454195261001587
1.3672676086425781
1.2717552185058594
1.3430171012878418
1.427835464477539
1.468902587890625
1.2861604690551758
1.2383768558502197
1.2207903861999512
1.32647705078125
1.3830459117889404
1.2861707210540771
1.3235256671905518
1.4907102584838867
1.283188819885254
1.7113327980041504
1.5567560195922852
1.3949649333953857
1.3455805778503418
1.3620390892028809
2.0030083656311035
1.545544147491455
1.2597072124481201
1.2127656936645508
1.366572618484497
1.3552918434143066
1.264007329940796
1.4106450080871582
1.273376226425171
1.3425488471984863
1.4455649852752686
1.3253536224365234
1.3392045497894287
1.2529208660125732
1.507772445678711
1.255793571472168
1.286562442779541
1.2783763408660889
1.3480279445648193
1.537750482559204
1.3720691204071045
1.248213291168213
1.295569896697998
1.4149634838104248
1.2696475982666016
1.3286683559417725
1.171571969985962
1.4217350482940674
1.2700884342193604
1.3996715545654297
1.1555612087249756
1.353184461593628
1.2958483695983887
1.4721786975860596
1.2551004886627197
1.325230360031128
1.5041532516479492
1.288142442703247
1.4298171997070312
1.2597684860229492
1.5915708541870117
1.3069002628326416
1.2814908027648926
1.3147239685058594
1.4997291564941406
1.53480863571167
1.4054954051971436
1.625016212463379
1.3119468688964844
1.3677449226379395
1.3572723865509033
1.3514559268951416
1.0925145149230957
1.3644425868988037
1.5082521438598633
1.3655037879943848
1.4956564903259277
1.2771682739257812
1.270369052886963
1.3980638980865479
1.2814381122589111
1.9193403720855713
1.971341848373413
1.3065032958984375
1.4152002334594727
1.3897898197174072
1.3472213745117188
1.203444004058838
1.3657617568969727
1.1022202968597412
1.4979007244110107
1.4145839214324951
1.3607065677642822
1.2962028980255127
1.4694013595581055
1.5365500450134277
1.2959513664245605
1.3796718120574951
1.3855984210968018
1.4295132160186768
1.5759832859039307
1.390660285949707
1.8838322162628174
1.6045589447021484
1.3061349391937256
1.4268405437469482
1.2854466438293457
1.3471653461456299
1.3097424507141113
1.4318897724151611
1.2631840705871582
1.2885384559631348
1.38442063331604
1.3018684387207031
1.320368766784668
1.4378998279571533
1.2785637378692627
1.3272497653961182
1.2662022113800049
1.3210551738739014
1.438180923461914
1.2835826873779297
1.3699865341186523
1.2328159809112549
1.2653114795684814
1.228816032409668
1.5891988277435303
1.4650413990020752
1.332324504852295
1.9433495998382568
1.5334315299987793
2.1908323764801025
1.8401334285736084
1.5381476879119873
1.2823333740234375
1.277160882949829
1.5658836364746094
1.26149582862854
1.4134089946746826
1.257462739944458
1.4633738994598389
1.3383328914642334
1.3573780059814453
1.3141255378723145
1.134943962097168
1.5640387535095215
1.475109577178955
1.3068807125091553
1.3358511924743652
1.342395305633545
1.4744253158569336
1.9257535934448242
1.4616029262542725
1.3908560276031494
1.5251727104187012
1.7487549781799316
1.2604641914367676
1.2810304164886475
1.2953338623046875
1.2619409561157227
1.96421217918396
1.3416070938110352
1.342740774154663
1.4085934162139893
1.3426415920257568
1.337937355041504
1.3832602500915527
1.2735011577606201
1.310425043106079
1.2971296310424805
1.436631202697754
1.370321273803711
1.3620028495788574
1.5657567977905273
1.27040433883667
1.273437738418579
1.5178565979003906
1.5472567081451416
1.3124728202819824
1.337644100189209
1.328969955444336
1.4438021183013916
1.3850314617156982
1.2723150253295898
1.4092285633087158
1.6224067211151123
1.3560221195220947
1.3550257682800293
1.394289255142212
1.5022790431976318
1.2758393287658691
1.5390543937683105
1.320082187652588
1.2888391017913818
1.3286371231079102
1.2804865837097168
1.4037394523620605
1.3527398109436035
1.289851427078247
1.4164323806762695
1.776632308959961
1.4308905601501465
1.3262262344360352
1.2605772018432617
1.5579087734222412
1.4976093769073486
2.2468252182006836
1.5973169803619385
1.5620405673980713
1.2439160346984863
1.7925136089324951
1.2571642398834229
1.3165383338928223
1.392467975616455
1.927175760269165
1.2902591228485107
1.3136255741119385
1.641840934753418
1.3293781280517578
1.819913625717163
1.31650710105896
1.469275951385498
1.3181352615356445
1.2851359844207764
1.2870280742645264
1.2965259552001953
1.4916198253631592
1.4655354022979736
1.3087644577026367
1.2901735305786133
1.5772244930267334
1.2670435905456543
1.250697135925293
1.4397571086883545
1.2183847427368164
1.4806394577026367
1.2576851844787598
1.3780581951141357
1.2408206462860107
1.2824304103851318
1.4351727962493896
1.3023021221160889
1.3495726585388184
1.3582208156585693
1.6123912334442139
1.2582817077636719
1.9309329986572266
1.8156561851501465
1.340327501296997
1.7645156383514404
1.275747537612915
1.279402732849121
1.3127052783966064
1.339458703994751
1.291869878768921
1.32027006149292
1.2883930206298828
1.2958593368530273
1.3395774364471436
2.756096363067627
1.3517999649047852
1.2997629642486572
1.404463291168213
1.349790096282959
1.349846363067627
1.2995755672454834
1.3258147239685059
1.2845795154571533
1.4819622039794922
1.3054115772247314
1.353123664855957
1.3408396244049072
1.2996726036071777
1.2561442852020264
1.1431968212127686
1.522341012954712
1.3077058792114258
1.4188463687896729
1.4267957210540771
1.4588391780853271
1.3415727615356445
1.2074975967407227
1.4371311664581299
1.4286856651306152
1.3356373310089111
1.2704005241394043
1.275892734527588
1.4147109985351562
1.2749269008636475
1.3010830879211426
1.588357925415039
1.3203938007354736
1.4713630676269531
1.3741164207458496
1.3521409034729004
1.2733650207519531
1.0727221965789795
1.2925434112548828
1.9370429515838623
2.0582759380340576
2.3271090984344482
1.3189060688018799
1.2811498641967773
1.3167541027069092
1.5268030166625977
1.8073763847351074
1.2444708347320557
1.3686833381652832
1.55851411819458
1.37831449508667
1.1206932067871094
1.2656245231628418
1.585784673690796
1.2695956230163574
1.261451244354248
1.511164665222168
1.3095979690551758
1.816148042678833
1.3046596050262451
1.2770743370056152
1.3311877250671387
1.8828191757202148
1.3788516521453857
1.3362586498260498
1.2835867404937744
1.852424144744873
1.2877531051635742
1.3909316062927246
1.2082879543304443
1.315312385559082
1.3709356784820557
1.276930570602417
1.36787748336792
1.3003785610198975
1.6750285625457764
1.2383239269256592
1.2933518886566162
1.3029613494873047
1.3934402465820312
1.2911336421966553
1.147557258605957
1.4204206466674805
1.3126981258392334
1.2694592475891113
1.39190673828125
1.34916353225708
1.4468157291412354
1.2497711181640625
1.377701997756958
1.450608253479004
1.781538486480713
1.293755054473877
1.3391265869140625
1.779059648513794
1.44339919090271
1.516359806060791
1.4640400409698486
1.368730068206787
1.3550405502319336
1.2203965187072754
1.263993263244629
1.736219882965088
1.3719193935394287
1.750474214553833
1.3918709754943848
1.274122953414917
1.3033194541931152
1.1432487964630127
1.367149829864502
1.3139817714691162
1.3501601219177246
1.1231069564819336
1.4906399250030518
1.2777090072631836
1.4267468452453613
1.2687959671020508
1.2460711002349854
1.484250545501709
1.5723803043365479
1.261404275894165
1.5616252422332764
1.2927124500274658
1.5524775981903076
1.2953331470489502
1.3882017135620117
1.3280842304229736
1.3137907981872559
1.4378602504730225
1.3277037143707275
1.2809405326843262
1.1458690166473389
1.3016431331634521
1.2789556980133057
1.9601552486419678
1.3025834560394287
1.3528602123260498
1.2775678634643555
1.2903032302856445
1.3629181385040283
1.2872624397277832
1.3468611240386963
1.370091438293457
2.0813560485839844
1.394242525100708
1.2781956195831299
1.3241393566131592
1.3018641471862793
1.2740228176116943
1.2579445838928223
1.5690577030181885
1.4033141136169434
1.3934931755065918
1.2965681552886963
1.2807462215423584
1.324171543121338
1.3438847064971924
1.320357084274292
1.723400592803955
1.295039415359497
1.912423849105835
1.324282169342041
1.3405663967132568
1.5213615894317627
1.3541808128356934
1.303013801574707
1.3165595531463623
1.310352087020874
1.7641081809997559
1.3863661289215088
1.3521580696105957
1.4652354717254639
1.296236276626587
1.2440626621246338
1.1399762630462646
1.5068485736846924
1.2580082416534424
1.3703820705413818
1.67694091796875
1.2582263946533203
1.3202998638153076
1.8754587173461914
1.5485799312591553
1.2720506191253662
1.4883489608764648
1.302051305770874
1.3496429920196533
1.3279187679290771
1.2752506732940674
1.480738639831543
1.9176251888275146
1.31315016746521
1.296858310699463
1.289231538772583
1.3111159801483154
1.8409559726715088
1.2994732856750488
1.3273868560791016
1.3245761394500732
1.5821261405944824
1.273958444595337
1.552358627319336
1.3334412574768066
1.2438602447509766
1.3401401042938232
1.3730268478393555
1.5246260166168213
1.2492280006408691
1.3313822746276855
1.3309247493743896
1.3519620895385742
2.160621166229248
1.5111818313598633
1.3264384269714355
1.3574419021606445
1.5009112358093262
1.2372722625732422
1.377814531326294
1.5366826057434082
1.2548332214355469
1.3707478046417236
1.4295275211334229
1.5494742393493652
1.2791240215301514
1.3061437606811523
1.3179080486297607
1.4937796592712402
1.2480342388153076
1.2701406478881836
1.3309876918792725
1.3071742057800293
1.9269180297851562
1.327939510345459
1.2848460674285889
1.5244710445404053
1.389190435409546
1.5041148662567139
1.3607685565948486
1.4606022834777832
1.4368343353271484
1.3281793594360352
1.3721997737884521
1.270143747329712
1.458045244216919
1.2829687595367432
1.2539124488830566
1.4538617134094238
1.3154616355895996
1.3120265007019043
1.1425089836120605
1.5436320304870605
1.2130427360534668
1.3092222213745117
1.3967876434326172
1.3134047985076904
1.2969534397125244
1.5810317993164062
1.2882452011108398
1.5271501541137695
1.4789257049560547
1.4707868099212646
2.3107540607452393
1.3975141048431396
1.2805545330047607
1.5491290092468262
1.861095666885376
1.478271484375
1.3387625217437744
1.3023624420166016
1.3119654655456543
1.5966548919677734
1.1434273719787598
1.3769030570983887
1.8684332370758057
1.2538254261016846
1.5014100074768066
1.3500251770019531
1.28261137008667
1.264725685119629
1.426692008972168
1.2582006454467773
1.508143663406372
1.2719190120697021
1.6452546119689941
1.3385894298553467
1.3037431240081787
1.470724105834961
1.2893500328063965
1.3190679550170898
1.6017193794250488
1.3107585906982422
1.781097412109375
1.2888681888580322
1.2685952186584473
1.337810754776001
1.488506555557251
1.3077590465545654
1.449066400527954
1.3068184852600098
1.3311717510223389
2.0066964626312256
1.3630731105804443
1.3153376579284668
1.2872440814971924
1.402395248413086
1.2967135906219482
1.282627820968628
1.5563759803771973
1.4110689163208008
1.294285774230957
1.2869575023651123
1.3645274639129639
1.783912181854248
1.5039944648742676
1.4960339069366455
1.9751534461975098
1.3303866386413574
1.2643797397613525
1.2776896953582764
1.5028095245361328
1.3244683742523193
1.3649930953979492
1.3784222602844238
1.7145898342132568
1.2800829410552979
1.1066596508026123
1.4789667129516602
1.3357946872711182
1.3481216430664062
1.4633715152740479
1.2989304065704346
1.880934715270996
1.5484538078308105
1.2521193027496338
1.4399468898773193
1.374979019165039
1.2760696411132812
1.308168888092041
1.1077966690063477
1.2667169570922852
1.4812614917755127
1.2811036109924316
1.3616418838500977
1.1138899326324463
1.4869041442871094
1.1466872692108154
1.28395676612854
1.358689785003662
1.238048791885376
2.1703155040740967
1.4525542259216309
1.2737345695495605
1.2809538841247559
1.3327429294586182
1.3246605396270752
1.3063592910766602
1.2888593673706055
1.3593809604644775
1.3069522380828857
1.2877604961395264
1.2965009212493896
2.198201894760132
1.3064286708831787
1.5298006534576416
1.2803514003753662
1.320676326751709
0.9944665431976318
1.2969334125518799
1.539543867111206
1.1627273559570312
1.761932611465454
1.3497614860534668
1.5109758377075195
1.967534065246582
1.2935872077941895
1.434422492980957
1.3160169124603271
1.2621800899505615
1.4176626205444336
1.2246358394622803
1.569173812866211
1.5077135562896729
1.4966588020324707
1.3579554557800293
1.3094689846038818
1.7356553077697754
1.3959143161773682
1.309192180633545
1.616138219833374
1.3933610916137695
1.5854475498199463
1.456258773803711
1.371692419052124
1.2900199890136719
1.3521547317504883
1.9271488189697266
1.2889792919158936
1.4051761627197266
1.3379271030426025
1.4729688167572021
1.3042171001434326
1.2375411987304688
1.34315824508667
1.373788833618164
1.383265733718872
1.2741422653198242
1.343653678894043
1.305196762084961
1.3515195846557617
1.283947229385376
1.343221664428711
1.9577975273132324
1.2944269180297852
1.3640851974487305
1.2765939235687256
1.7720937728881836
1.364419937133789
1.3390607833862305
1.2891130447387695
1.2601745128631592
1.5748143196105957
1.279564380645752
1.3506722450256348
1.482283353805542
1.311405897140503
1.3519771099090576
1.3699772357940674
1.5640559196472168
1.336550235748291
1.3709824085235596
1.5292110443115234
1.320340871810913
1.2610735893249512
1.2557122707366943
1.1306021213531494
1.3268153667449951
1.3592205047607422
1.372331142425537
1.5685524940490723
1.2642722129821777
1.3118703365325928
1.3186571598052979
1.2963685989379883
1.2952089309692383
1.8081438541412354
1.266064167022705
1.260129451751709
1.2440245151519775
1.246431827545166
1.4118142127990723
1.323655128479004
1.2853591442108154
1.4461417198181152
1.4253334999084473
1.4500863552093506
1.2372524738311768
1.4616713523864746
1.2568824291229248
1.280747413635254
1.2957038879394531
1.380976915359497
1.3004577159881592
1.2750890254974365
1.5450804233551025
1.3279333114624023
1.9177987575531006
1.5923950672149658
1.281961441040039
1.3609061241149902
1.7975928783416748
1.312727928161621
1.548945426940918
1.3612995147705078
1.5000522136688232
1.2486481666564941
1.553006887435913
1.4594099521636963
1.2785675525665283
1.305530071258545
1.3338282108306885
1.3141131401062012
1.3191800117492676
1.3320565223693848
1.6288251876831055
1.405407428741455
1.33921480178833
1.4108974933624268
1.2890722751617432
1.406836986541748
1.3393681049346924
1.3053205013275146
1.1172089576721191
1.3510258197784424
1.5248403549194336
1.3335485458374023
1.3024682998657227
1.7703652381896973
1.3667125701904297
1.3330645561218262
1.5505588054656982
1.502098560333252
1.31510329246521
1.5228796005249023
1.849222183227539
1.439570426940918
1.218132495880127
1.2903494834899902
1.2767736911773682
1.3569374084472656
1.85280179977417
1.3162329196929932
1.339768409729004
1.2710449695587158
1.4624874591827393
1.3500933647155762
1.2945961952209473
1.2766034603118896
1.4330077171325684
1.3294453620910645
1.2765977382659912
1.3514606952667236
1.3275444507598877
1.3283767700195312
1.5403728485107422
1.3067233562469482
1.3300597667694092
1.614351511001587
1.2755317687988281
1.2268695831298828
1.2734975814819336
1.3179149627685547
1.2271993160247803
1.3302333354949951
1.480771780014038
1.327162265777588
1.3060705661773682
1.9041810035705566
1.830876111984253
1.3519291877746582
1.490342140197754
1.3495352268218994
1.487799882888794
1.35652756690979
1.3001885414123535
1.3062052726745605
1.2583346366882324
1.2967498302459717
1.3834741115570068
1.2681419849395752
1.3215134143829346
1.3532414436340332
1.2761585712432861
1.2550649642944336
2.048126697540283
1.2794849872589111
1.2961432933807373
1.2789688110351562
1.3740859031677246
1.3021125793457031
1.3485543727874756
1.3137073516845703
1.478151559829712
1.3236305713653564
1.4448115825653076
1.299769639968872
1.3110921382904053
1.23758864402771
1.3701121807098389
1.5329599380493164
1.254460096359253
1.7015581130981445
1.706465482711792
1.3118250370025635
1.4187827110290527
1.3709313869476318
1.3095369338989258
1.3606297969818115
1.2831306457519531
1.2589912414550781
1.4670231342315674
1.501861333847046
1.2468407154083252
1.3490362167358398
1.1931838989257812
1.4636518955230713
1.4864413738250732
1.3459839820861816
1.319917917251587
1.303678035736084
1.2897663116455078
1.2978744506835938
1.283088207244873
1.449873447418213
1.370429277420044
1.329819679260254
1.4491832256317139
1.2977137565612793
0.9818375110626221
1.2593460083007812
1.4939770698547363
1.5844581127166748
1.2468559741973877
1.237635612487793
1.1074154376983643
1.1395819187164307
1.3451547622680664
1.279346227645874
1.2584223747253418
1.2602581977844238
1.3815279006958008
1.258077621459961
1.4513418674468994
1.3824334144592285
1.3928945064544678
1.3222079277038574
1.1862702369689941
1.5841002464294434
1.3551273345947266
1.2994542121887207
1.2433958053588867
1.3626444339752197
1.4918429851531982
1.2945175170898438
1.4418649673461914
1.3692312240600586
1.3872935771942139
1.666520357131958
1.2838530540466309
1.504082202911377
1.2809937000274658
1.2875051498413086
1.3399157524108887
1.325697422027588
1.3267664909362793
1.3421714305877686
1.2558009624481201
1.3328146934509277
1.4505438804626465
1.438002109527588
1.3950536251068115
1.1236748695373535
1.3003320693969727
1.34555983543396
1.7094290256500244
1.2593786716461182
1.3288040161132812
1.3497824668884277
1.347196102142334
1.3488845825195312
1.264819622039795
1.3011720180511475
1.2947964668273926
1.2531535625457764
1.2724666595458984
1.4398159980773926
1.4406046867370605
1.5177714824676514
1.2989206314086914
1.3536772727966309
1.324486255645752
1.3132297992706299
1.5345430374145508
1.425370693206787
1.3331835269927979
1.3042588233947754
1.9166769981384277
1.7038578987121582
1.4921104907989502
1.27510404586792
1.297015905380249
1.2886321544647217
1.291579246520996
1.2586658000946045
1.2569091320037842
1.3733317852020264
1.2951221466064453
1.5898964405059814
1.5877223014831543
1.2926843166351318
1.4809510707855225
1.3218989372253418
1.9293930530548096
2.002141237258911
1.331712245941162
1.298201322555542
1.2901802062988281
1.2975695133209229
1.4914171695709229
1.3588948249816895
1.281496286392212
1.3091962337493896
1.7156517505645752
1.3585426807403564
1.8019280433654785
1.3976187705993652
1.5084638595581055
1.514833927154541
1.260300874710083
1.4572744369506836
1.8221075534820557
1.3929479122161865
1.3337266445159912
1.2845699787139893
1.291236162185669
1.8080289363861084
1.3056323528289795
2.0244131088256836
1.5962021350860596
1.3433151245117188
1.2942132949829102
1.2896742820739746
1.3058233261108398
1.2525160312652588
1.4137561321258545
1.3891880512237549
1.3032381534576416
1.234004259109497
1.4431302547454834
1.3306148052215576
1.493149995803833
1.603675365447998
1.380941390991211
1.4426889419555664
1.264028787612915
1.29634690284729
1.5759150981903076
1.3075449466705322
1.579272747039795
1.2413990497589111
1.443530797958374
1.3147988319396973
1.312831163406372
1.7448639869689941
1.2865426540374756
1.3818166255950928
1.3756601810455322
1.273937702178955
1.5905430316925049
1.4239482879638672
1.3217647075653076
1.5009469985961914
1.948631763458252
1.2889745235443115
1.2619118690490723
1.260862112045288
1.2918500900268555
1.24680495262146
1.3176822662353516
1.2762587070465088
1.2939071655273438
1.4151885509490967
1.4478282928466797
1.126201868057251
1.3707647323608398
1.3112139701843262
1.3833329677581787
1.5509424209594727
1.311722993850708
1.5118777751922607
1.3606476783752441
1.470858097076416
1.2862541675567627
1.291137456893921
1.4930195808410645
1.3733396530151367
1.482806921005249
1.3472950458526611
1.3008220195770264
1.287830114364624
1.4400880336761475
1.5111303329467773
1.3021914958953857
1.4717700481414795
1.2959589958190918
1.2972588539123535
1.1383862495422363
1.2397489547729492
1.2748098373413086
1.2412662506103516
1.388951063156128
1.3408453464508057
1.3034617900848389
1.3546056747436523
1.2873382568359375
1.716505765914917
1.2330269813537598
1.2682690620422363
1.8208601474761963
1.3185791969299316
1.2463088035583496
1.382322072982788
1.2309951782226562
1.2625486850738525
1.2322874069213867
1.2870452404022217
1.4974875450134277
1.3556654453277588
1.3177833557128906
1.3337876796722412
1.3150315284729004
1.4339385032653809
1.299748182296753
1.3458690643310547
1.3807005882263184
1.518367052078247
1.2666184902191162
1.2365355491638184
1.2458221912384033
1.404876708984375
1.2377219200134277
1.3885226249694824
1.3874177932739258
1.3720338344573975
1.3378355503082275
1.3276176452636719
1.2697243690490723
1.4484989643096924
1.5973329544067383
1.4023845195770264
1.4804234504699707
1.2820994853973389
1.2961146831512451
1.3226873874664307
1.343315839767456
1.2723562717437744
1.358154535293579
1.3337962627410889
1.2994184494018555
1.3958008289337158
1.2479956150054932
1.0977015495300293
1.4339239597320557
1.2722282409667969
1.2766237258911133
1.0919482707977295
1.3078467845916748
1.3775215148925781
1.3228793144226074
1.3850243091583252
1.523465633392334
1.425154209136963
1.2967333793640137
1.301269769668579
1.3930232524871826
1.2694430351257324
1.2936623096466064
1.3317911624908447
1.25852632522583
1.3128862380981445
1.5507707595825195
1.2756719589233398
1.2817416191101074
1.2774033546447754
1.5195140838623047
1.2366197109222412
1.3002796173095703
1.9975223541259766
1.3489000797271729
1.3407657146453857
1.373713493347168
1.5479097366333008
1.2890260219573975
1.5595605373382568
1.2850925922393799
1.19596266746521
1.2696161270141602
1.869690179824829
1.3098101615905762
1.357865333557129
1.4649145603179932
1.3149595260620117
1.3117592334747314
1.7937674522399902
1.3164973258972168
1.3095073699951172
1.2703781127929688
1.857536792755127
1.4065883159637451
1.3476858139038086
1.269806146621704
1.356255054473877
1.3302586078643799
1.8890924453735352
1.2440345287322998
1.2668015956878662
1.2537248134613037
1.483234167098999
1.3093013763427734
1.9461863040924072
1.4300072193145752
1.3158109188079834
1.30662202835083
1.2754113674163818
1.3842432498931885
1.0947420597076416
1.3579096794128418
1.2855103015899658
1.2464282512664795
1.4480116367340088
1.3759865760803223
1.5720112323760986
1.3212547302246094
1.3707852363586426
1.1423931121826172
1.2681386470794678
1.3680179119110107
1.3626482486724854
1.2937862873077393
1.296027660369873
1.3385298252105713
1.3471999168395996
1.3348639011383057
1.3426001071929932
1.5078012943267822
1.2907311916351318
1.4135210514068604
1.4308812618255615
1.4993200302124023
1.1347439289093018
1.4819550514221191
1.5663201808929443
1.2754294872283936
1.332686185836792
1.2557282447814941
1.498077392578125
2.0456955432891846
1.3226606845855713
1.4597861766815186
1.2751314640045166
1.2682695388793945
1.2773349285125732
1.3160655498504639
1.3275012969970703
1.298607587814331
1.3016910552978516
1.6378717422485352
1.4568147659301758
1.308131217956543
1.243561029434204
1.281670331954956
1.3478083610534668
1.2953529357910156
1.275691270828247
1.301245927810669
2.3742289543151855
1.2874126434326172
1.272146224975586
1.2808082103729248
1.3089306354522705
1.4127624034881592
1.2794816493988037
1.2652337551116943
1.890195369720459
1.2746150493621826
1.2769277095794678
1.5629849433898926
1.2745590209960938
1.4324724674224854
1.8112647533416748
1.236112356185913
1.2612979412078857
1.4995722770690918
1.2698695659637451
1.3135910034179688
1.6507067680358887
1.3692147731781006
1.4858858585357666
1.2912354469299316
1.2445776462554932
1.2797346115112305
1.3180594444274902
1.3285505771636963
1.2714624404907227
1.3165013790130615
2.0245823860168457
1.2779710292816162
1.2929565906524658
1.319572925567627
1.2837893962860107
1.611499309539795
1.2351710796356201
1.335507869720459
1.3539183139801025
1.2798807621002197
1.3337152004241943
1.3439245223999023
1.3689322471618652
1.3008356094360352
1.2604753971099854
1.2848331928253174
1.322545051574707
1.3552782535552979
1.5905632972717285
1.2655649185180664
1.5701215267181396
1.3572406768798828
1.541945457458496
1.2788794040679932
1.4485387802124023
1.2846119403839111
1.2608141899108887
1.5990221500396729
1.269578456878662
1.2854640483856201
1.233837366104126
1.381704568862915
1.3688747882843018
1.4621520042419434
1.3306686878204346
1.422121286392212
1.6134145259857178
1.5983333587646484
1.3388795852661133
1.3391704559326172
1.5725715160369873
1.3245360851287842
1.2436161041259766
1.4241976737976074
1.2839066982269287
1.3417906761169434
1.5103380680084229
1.31443190574646
1.3545303344726562
1.2531332969665527
1.6162183284759521
1.5828070640563965
1.2230284214019775
1.3436462879180908
1.3887298107147217
1.7074074745178223
1.2914783954620361
1.3256068229675293
0.9941437244415283
1.2522764205932617
1.252504825592041
1.361649513244629
1.4042105674743652
1.3561625480651855
1.3973743915557861
2.004472017288208
1.2792658805847168
1.3989019393920898
1.2724528312683105
1.464730978012085
1.2913060188293457
1.491213321685791
1.6213459968566895
1.52652907371521
1.3083224296569824
1.3018763065338135
1.325880527496338
1.3619306087493896
1.5463628768920898
1.6058540344238281
1.3084440231323242
1.3543603420257568
1.1722404956817627
1.2624123096466064
1.449855089187622
1.25248122215271
1.5513660907745361
1.504669189453125
1.308471918106079
1.7525744438171387
1.2481622695922852
1.475562572479248
1.3134212493896484
1.4501128196716309
1.305856704711914
1.3648548126220703
1.4920074939727783
1.2850399017333984
1.431506872177124
1.7780942916870117
1.3014049530029297
1.5920829772949219
1.2218470573425293
1.2285611629486084
1.289381504058838
1.301790475845337
1.2444257736206055
1.4486138820648193
1.5221822261810303
1.3323724269866943
1.1690866947174072
1.250014305114746
1.5060932636260986
1.425367832183838
1.304537296295166
1.669116497039795
1.3093605041503906
1.5451421737670898
1.3010735511779785
1.2421367168426514
1.2561416625976562
1.3334400653839111
1.3523483276367188
1.354243278503418
1.2840962409973145
1.310248613357544
1.4015867710113525
1.3890361785888672
1.275576114654541
1.3490703105926514
1.2803304195404053
2.0002317428588867
1.3903124332427979
1.8049330711364746
1.3631446361541748
1.4902338981628418
1.315148115158081
1.4171736240386963
2.0042896270751953
1.307286024093628
1.3291959762573242
1.2818677425384521
1.4988086223602295
1.5208563804626465
1.348905324935913
1.3472042083740234
1.2944624423980713
1.9672141075134277
1.3486077785491943
1.238452434539795
1.3399758338928223
1.3467373847961426
1.3516426086425781
1.0902671813964844
1.3520069122314453
1.3022983074188232
1.2817397117614746
1.416701316833496
1.3130905628204346
1.7250361442565918
1.3126890659332275
1.326385736465454
2.1698882579803467
1.2229063510894775
1.3244571685791016
1.337798833847046
