1.4438328742980957
1.3095734119415283
1.22098708152771
1.6367616653442383
1.240600347518921
1.9663140773773193
1.7837233543395996
1.6964716911315918
2.278452157974243
1.5062813758850098
1.7406096458435059
1.3221607208251953
1.7836017608642578
1.9357478618621826
1.695871114730835
1.8223376274108887
1.43741774559021
1.375704050064087
1.4908881187438965
1.8897311687469482
1.6497447490692139
1.9725680351257324
1.5061476230621338
1.3741836547851562
1.6652088165283203
1.9511210918426514
3.077465772628784
1.8906395435333252
1.9068291187286377
1.5407564640045166
1.3811390399932861
1.2925126552581787
1.6448264122009277
2.0216917991638184
1.737973690032959
1.4777154922485352
1.6815519332885742
1.3656837940216064
1.2786028385162354
1.4048523902893066
1.784101963043213
1.2662909030914307
1.5417020320892334
1.286149263381958
1.747495174407959
1.8348591327667236
1.402801275253296
2.1703810691833496
2.706678867340088
1.6057181358337402
1.9237709045410156
1.5123705863952637
1.3010437488555908
2.0797388553619385
1.9055867195129395
1.502734899520874
2.1290478706359863
1.3310365676879883
1.5407919883728027
1.53635573387146
2.193718433380127
1.8203392028808594
1.928938627243042
1.6431195735931396
2.1784515380859375
1.4026238918304443
1.2989997863769531
1.713404893875122
1.4289906024932861
1.304349422454834
1.43583345413208
2.4729011058807373
1.5279433727264404
1.2835259437561035
1.8978631496429443
1.3040366172790527
1.7928123474121094
1.1767568588256836
1.6376805305480957
1.55936598777771
2.207118272781372
3.2002875804901123
1.2421958446502686
1.4351272583007812
2.070316791534424
1.8030321598052979
1.460383415222168
1.7565045356750488
1.210132360458374
1.722215175628662
1.453758716583252
2.496762275695801
1.4721863269805908
1.2158410549163818
1.2730042934417725
1.7366547584533691
1.6301047801971436
1.201735019683838
1.3393607139587402
1.100428581237793
1.4266266822814941
1.3569636344909668
1.3401999473571777
2.0832560062408447
1.632392406463623
1.805295467376709
1.9330158233642578
1.5688953399658203
1.460404872894287
1.8175837993621826
2.481337547302246
1.4389145374298096
1.2913892269134521
2.0438926219940186
1.5029804706573486
1.5991284847259521
1.947941780090332
1.3603150844573975
1.333308458328247
2.4846510887145996
1.239166498184204
1.2329387664794922
3.213977336883545
1.1899876594543457
3.192279815673828
1.8164796829223633
2.060163974761963
1.5293481349945068
1.2905046939849854
1.5612423419952393
1.3009788990020752
1.410905361175537
3.114973545074463
1.4996368885040283
2.1591498851776123
1.8804636001586914
1.5100789070129395
1.2949819564819336
1.2938182353973389
1.4774973392486572
1.8908259868621826
1.5825731754302979
2.1251375675201416
1.931349754333496
1.4433064460754395
1.5699832439422607
1.2814602851867676
1.221534252166748
1.2649199962615967
1.6178569793701172
2.041890859603882
1.3952603340148926
1.2282285690307617
1.2409839630126953
1.1605868339538574
2.3877832889556885
1.3902103900909424
1.3715591430664062
1.737184762954712
1.7813165187835693
1.238363265991211
1.4111380577087402
1.5377233028411865
1.2204442024230957
1.9769880771636963
1.4340968132019043
1.349036693572998
1.6242871284484863
2.5525925159454346
1.292503833770752
1.7257475852966309
1.4798967838287354
1.6075904369354248
1.1679472923278809
1.1291301250457764
1.2428460121154785
1.5238912105560303
1.5441169738769531
1.1963002681732178
1.9131479263305664
1.5572926998138428
1.26015305519104
1.8863155841827393
1.7862188816070557
2.0046284198760986
1.635329008102417
1.825596570968628
1.9761779308319092
1.9379034042358398
1.340273141860962
1.2899205684661865
1.335874319076538
1.1649441719055176
2.1679773330688477
1.334514856338501
2.0233523845672607
1.1988461017608643
1.6690857410430908
2.153106689453125
1.8962316513061523
1.9663350582122803
1.4710094928741455
1.4624392986297607
2.5374860763549805
1.4536044597625732
1.4755051136016846
1.7191128730773926
2.17458176612854
1.9171390533447266
1.9479107856750488
1.2906408309936523
1.396247148513794
1.6981029510498047
1.2021524906158447
1.695988655090332
1.3696155548095703
1.1251697540283203
1.419067144393921
2.181658983230591
1.817591667175293
1.2977955341339111
1.2259254455566406
1.4414033889770508
1.2738313674926758
1.7878398895263672
1.256528615951538
1.5965394973754883
1.18656325340271
1.2633721828460693
1.302123785018921
1.5669865608215332
1.304636001586914
1.4027934074401855
1.9866185188293457
1.449502944946289
1.781818151473999
1.681241512298584
1.3198127746582031
1.2244493961334229
1.2110435962677002
1.1771306991577148
1.275862216949463
1.394564151763916
1.4494810104370117
2.8507208824157715
1.971069097518921
1.4462790489196777
1.5514802932739258
1.1810126304626465
1.4816856384277344
1.2613718509674072
1.2520368099212646
1.5451767444610596
1.215219497680664
1.4698524475097656
1.3778436183929443
1.50132155418396
1.5235533714294434
1.7379839420318604
1.1793489456176758
1.302002191543579
1.264843463897705
1.2866811752319336
1.9987096786499023
1.1366126537322998
1.6273937225341797
1.4044947624206543
1.2682933807373047
1.2945215702056885
1.2427794933319092
1.227391242980957
1.5221123695373535
1.3018217086791992
1.170513391494751
1.5587306022644043
1.549715280532837
2.0215187072753906
1.931990385055542
1.2681965827941895
1.383629560470581
1.2341785430908203
1.233412504196167
1.7283902168273926
1.5450241565704346
1.2734458446502686
1.7823364734649658
1.9592647552490234
1.3961317539215088
1.3292982578277588
1.3570313453674316
1.3434967994689941
1.4704501628875732
1.4031569957733154
1.3173556327819824
1.4345195293426514
1.5748701095581055
1.5063154697418213
1.6627585887908936
1.1239047050476074
1.1508691310882568
1.439997911453247
1.4508802890777588
2.3377716541290283
1.2847764492034912
1.3825087547302246
1.6269488334655762
1.5847339630126953
1.253741979598999
1.1655325889587402
2.4461514949798584
1.2660279273986816
1.2708842754364014
1.5061464309692383
1.6786692142486572
1.1538276672363281
1.300025463104248
1.4943904876708984
1.5648601055145264
3.116962194442749
1.1817443370819092
1.444519281387329
1.3921515941619873
1.5137083530426025
1.8573594093322754
1.542067289352417
2.029906749725342
1.4808049201965332
1.788233757019043
1.3575782775878906
2.0179524421691895
1.5782301425933838
1.8593175411224365
1.435002088546753
1.533637523651123
1.210339069366455
1.2592990398406982
1.3083884716033936
1.2785890102386475
2.188814878463745
1.478518009185791
1.5655198097229004
1.393533706665039
1.4798307418823242
1.8226137161254883
1.471400499343872
1.5416693687438965
1.9973106384277344
1.354748249053955
1.561955451965332
1.3056056499481201
1.7739579677581787
2.419614791870117
1.4992649555206299
1.3935999870300293
1.2140135765075684
1.2453203201293945
1.3362267017364502
1.2652626037597656
1.150930404663086
1.1522495746612549
1.4169976711273193
1.9021623134613037
1.2582752704620361
1.3033628463745117
2.691865921020508
1.390148401260376
1.226855993270874
1.2032225131988525
1.2328591346740723
1.2278692722320557
1.736884355545044
1.246558427810669
1.2785131931304932
1.1859054565429688
1.7624051570892334
1.2888331413269043
1.1664636135101318
1.460216999053955
1.431464433670044
1.1496081352233887
1.3100228309631348
1.4004383087158203
1.4261877536773682
1.1514332294464111
1.2871220111846924
1.2917137145996094
1.7630078792572021
1.2823717594146729
2.5509743690490723
1.2536680698394775
1.7449312210083008
1.3308258056640625
1.2605094909667969
1.3478529453277588
1.4249987602233887
1.1430609226226807
1.2473938465118408
1.482534646987915
1.2206666469573975
1.6079638004302979
1.1794602870941162
1.2948534488677979
1.5389821529388428
1.2622082233428955
1.2569689750671387
1.7355904579162598
2.263434886932373
1.296645164489746
1.8342456817626953
1.23478364944458
1.3824431896209717
1.331223726272583
1.2159407138824463
1.3936426639556885
1.214181661605835
1.308196783065796
1.310020923614502
1.281059980392456
1.300346851348877
1.3251280784606934
1.251533031463623
1.4925963878631592
1.2111001014709473
1.1377918720245361
1.4308509826660156
1.5362391471862793
1.4064435958862305
1.106386423110962
2.3252813816070557
1.908104419708252
1.5227456092834473
1.8429617881774902
1.3906333446502686
1.2750067710876465
1.2668311595916748
1.3227081298828125
1.2789392471313477
1.8306684494018555
1.26766037940979
1.39750075340271
1.853656530380249
1.513429880142212
1.8744845390319824
1.3151531219482422
1.2863688468933105
1.405524730682373
1.4597797393798828
1.2293651103973389
1.349724292755127
1.1719167232513428
2.6557557582855225
1.107485294342041
2.2133445739746094
1.438330888748169
1.3530733585357666
1.2294645309448242
1.9470982551574707
1.32525634765625
1.4773266315460205
1.309140682220459
1.30275559425354
1.3065800666809082
1.2443618774414062
1.3196518421173096
1.347231388092041
1.1834063529968262
1.4739766120910645
1.3321497440338135
1.2831709384918213
1.2608973979949951
1.867887258529663
1.6657068729400635
1.592679500579834
1.5289058685302734
1.3443522453308105
1.162644863128662
1.234989881515503
1.515981674194336
1.2462921142578125
1.258446455001831
1.2222397327423096
1.4325084686279297
1.806978464126587
1.4517545700073242
1.1913158893585205
1.718597173690796
1.5133171081542969
1.5134925842285156
1.3152470588684082
1.3534801006317139
1.222475290298462
1.6320748329162598
1.2133893966674805
1.1530570983886719
1.3505668640136719
1.2281255722045898
1.2341039180755615
1.2995643615722656
2.0518579483032227
1.2753584384918213
1.2825071811676025
1.210495948791504
1.2074384689331055
2.031116008758545
1.2530946731567383
1.196333408355713
1.306251049041748
1.2811734676361084
1.645625114440918
1.2664964199066162
1.2396726608276367
1.4636478424072266
1.2678415775299072
1.2818026542663574
1.9781646728515625
1.3007965087890625
1.3286395072937012
1.8587448596954346
1.801656723022461
1.2478456497192383
1.2589218616485596
1.2701270580291748
1.4964962005615234
2.0571205615997314
1.3987395763397217
1.2641222476959229
1.3605256080627441
1.1584367752075195
1.220693826675415
1.2843549251556396
1.3840281963348389
1.2409040927886963
1.4389169216156006
1.185605764389038
1.4617905616760254
1.4043238162994385
1.2825560569763184
2.1125845909118652
1.236417531967163
1.5827782154083252
1.315356969833374
1.295506477355957
1.2980449199676514
1.2392315864562988
1.30830979347229
1.486025094985962
1.2873620986938477
1.286653995513916
1.2679085731506348
1.2423436641693115
1.2491934299468994
2.0410728454589844
1.4578204154968262
1.322019100189209
1.272322177886963
1.2805888652801514
2.020947217941284
1.9410104751586914
1.5656287670135498
1.3992919921875
1.5069260597229004
1.2463302612304688
1.9008822441101074
1.3310303688049316
1.5178263187408447
1.2058005332946777
1.9994583129882812
1.138044834136963
1.4240121841430664
1.2829363346099854
1.3004162311553955
1.7710022926330566
1.6142535209655762
1.8570802211761475
1.2745451927185059
1.201096773147583
3.2085797786712646
1.4540765285491943
1.8070480823516846
1.236684799194336
1.3674776554107666
1.2263126373291016
1.4814586639404297
1.258819818496704
1.4912772178649902
1.9403924942016602
1.1572329998016357
1.254744529724121
1.7992572784423828
1.2745239734649658
1.3414580821990967
1.5079007148742676
2.0242955684661865
1.6084468364715576
2.0571694374084473
1.3067295551300049
1.30891752243042
2.2332305908203125
1.0964081287384033
1.2132771015167236
1.3766613006591797
1.8178198337554932
1.3338446617126465
1.353454351425171
1.3702197074890137
1.7149055004119873
1.3244550228118896
1.3718211650848389
1.410118579864502
2.022357225418091
1.4538254737854004
1.3368353843688965
1.2211122512817383
1.4537179470062256
1.5212106704711914
1.4255480766296387
1.1789023876190186
1.2272427082061768
1.3546390533447266
1.33612060546875
1.2699644565582275
1.4344794750213623
1.2598130702972412
1.2728464603424072
1.8382258415222168
1.9013054370880127
1.4147098064422607
1.3783185482025146
1.531402587890625
1.577721357345581
1.7737407684326172
2.025110960006714
1.332660436630249
1.6008994579315186
1.2973711490631104
1.3835787773132324
1.2310781478881836
1.308823823928833
1.3542335033416748
1.528390645980835
1.2228751182556152
1.274961233139038
1.2034013271331787
1.4970152378082275
1.267514705657959
1.5661261081695557
1.6130805015563965
1.5658094882965088
1.2086551189422607
1.5247564315795898
1.3633275032043457
1.2501332759857178
1.8511266708374023
1.521514654159546
1.2794523239135742
1.1684577465057373
1.710719347000122
1.394869327545166
1.2429766654968262
1.2082479000091553
1.340620756149292
1.496652603149414
1.2558822631835938
1.6812829971313477
1.1911523342132568
1.2766039371490479
1.4182047843933105
1.2931544780731201
1.33162260055542
1.2787342071533203
1.3698091506958008
1.3429186344146729
1.5162889957427979
1.9960577487945557
1.3832688331604004
1.2872650623321533
1.2335889339447021
1.912724256515503
2.183899402618408
1.3233890533447266
1.261676549911499
1.2367792129516602
1.1144239902496338
1.3139097690582275
1.2006354331970215
1.3432505130767822
1.4466025829315186
1.5275542736053467
1.2610650062561035
1.2914555072784424
1.5669398307800293
1.1839306354522705
1.225158929824829
1.9791226387023926
1.931518793106079
1.2249274253845215
2.009197473526001
2.224508285522461
1.7465975284576416
1.8495328426361084
1.552872896194458
1.3800201416015625
1.7353732585906982
1.9161255359649658
1.2520856857299805
1.546600341796875
1.6683721542358398
1.3915479183197021
1.5262219905853271
1.3277428150177002
1.202202558517456
1.3387525081634521
1.4434051513671875
1.2592530250549316
1.1275827884674072
1.4482064247131348
2.0718352794647217
1.252087116241455
1.3398611545562744
1.2325749397277832
1.3400638103485107
1.2759969234466553
1.2390987873077393
1.3287506103515625
1.2633109092712402
1.4527716636657715
1.2167668342590332
1.528419017791748
1.3242928981781006
2.811897039413452
1.2872719764709473
1.220841884613037
1.678898572921753
1.3588507175445557
1.26497220993042
1.9317684173583984
1.1602041721343994
1.4142765998840332
1.428403615951538
1.249011754989624
1.2672438621520996
1.2397181987762451
1.2833976745605469
1.2524569034576416
1.1064884662628174
1.7945024967193604
1.433455228805542
1.1379554271697998
1.3031773567199707
1.2627248764038086
1.375997543334961
1.7226414680480957
1.2503607273101807
1.3128058910369873
1.259030818939209
1.4656343460083008
1.2762377262115479
2.0196311473846436
1.4409067630767822
1.2482197284698486
1.4632563591003418
1.2540030479431152
1.294006586074829
1.3099980354309082
1.5850682258605957
1.4250619411468506
1.5193231105804443
1.2044153213500977
1.278353214263916
1.2813570499420166
2.136549711227417
1.2548644542694092
1.1745948791503906
1.281754970550537
1.5048999786376953
1.1370501518249512
1.5832786560058594
1.352607250213623
1.2484180927276611
1.2647507190704346
1.5231034755706787
1.3571887016296387
1.220989465713501
1.5624921321868896
1.3139030933380127
1.3120455741882324
1.194054365158081
1.5256297588348389
1.8501648902893066
1.535656213760376
1.2671551704406738
1.3728697299957275
1.2665905952453613
1.2062745094299316
1.371006727218628
1.2521862983703613
1.4722914695739746
1.4796173572540283
1.4961540699005127
1.255659580230713
1.6213574409484863
1.315675973892212
1.3981480598449707
2.224968671798706
1.2887215614318848
1.3485722541809082
1.2423522472381592
1.1497447490692139
1.6348025798797607
1.5439410209655762
1.4371590614318848
1.2570438385009766
1.828242540359497
1.575610876083374
1.2748363018035889
1.5913612842559814
1.2734606266021729
1.2731587886810303
1.3925340175628662
1.2452266216278076
1.7229108810424805
1.492790699005127
1.3672051429748535
1.3341615200042725
1.2155463695526123
1.8973476886749268
1.618407964706421
1.4916229248046875
1.3143649101257324
1.3790478706359863
1.332850456237793
1.5018701553344727
1.288327932357788
1.3029122352600098
2.068695545196533
2.6469624042510986
1.2737798690795898
1.3037023544311523
1.2849736213684082
1.4866650104522705
1.659977912902832
1.9777963161468506
1.2904956340789795
1.389925241470337
1.3854939937591553
1.2858548164367676
1.2287724018096924
1.8045597076416016
1.2673935890197754
1.2273361682891846
1.555419683456421
1.4132311344146729
1.315279483795166
1.4522082805633545
1.3040504455566406
1.3512003421783447
1.28298020362854
1.4592907428741455
1.8447051048278809
1.1695506572723389
1.8202307224273682
1.3814876079559326
1.3662807941436768
1.305469274520874
1.328526258468628
1.3247759342193604
1.261443853378296
1.586672306060791
1.330277442932129
1.3225409984588623
1.4388272762298584
1.588550090789795
1.9091200828552246
1.2212834358215332
1.5611400604248047
1.8391318321228027
1.5168507099151611
2.2507688999176025
1.2429676055908203
1.354625940322876
1.59987211227417
1.3763470649719238
1.2948477268218994
1.3226068019866943
1.171447515487671
1.2702088356018066
1.2441048622131348
1.235506534576416
1.4162962436676025
1.2655894756317139
1.4551324844360352
1.2328071594238281
1.2382776737213135
1.414121150970459
1.7556138038635254
1.2159159183502197
1.5648894309997559
1.4747083187103271
2.173309564590454
1.3532624244689941
1.3180732727050781
1.4139106273651123
1.3976893424987793
1.4985053539276123
1.1986746788024902
1.8299927711486816
1.7119603157043457
1.4729480743408203
1.2706809043884277
1.2376959323883057
1.185382604598999
1.9371602535247803
1.7899763584136963
1.2251555919647217
1.3583014011383057
1.3723499774932861
1.3243765830993652
1.252016544342041
2.086392641067505
1.220466136932373
1.3011960983276367
1.1717424392700195
1.3425815105438232
1.435425043106079
1.5893051624298096
1.2761411666870117
1.7196142673492432
1.3411900997161865
1.3230578899383545
1.2363739013671875
1.3504352569580078
1.4395456314086914
1.3710527420043945
1.2652292251586914
2.5710983276367188
1.2534122467041016
1.3045151233673096
1.1507694721221924
1.9182333946228027
1.2350831031799316
1.3337175846099854
1.3393361568450928
1.2450060844421387
1.3639132976531982
1.216926097869873
1.3308477401733398
1.4152734279632568
1.2736682891845703
1.2532587051391602
1.4663739204406738
1.279865026473999
1.4198224544525146
1.3439607620239258
1.4621379375457764
1.583611249923706
1.5319874286651611
1.5820810794830322
1.1853563785552979
1.7932155132293701
1.2601356506347656
1.225395917892456
1.3545916080474854
1.5351388454437256
1.24349045753479
1.3121376037597656
2.2713112831115723
1.3748342990875244
1.2191762924194336
1.4792590141296387
1.4227614402770996
1.2578530311584473
1.1343357563018799
1.2470433712005615
1.5292301177978516
1.6726646423339844
1.4733033180236816
1.2951176166534424
1.7562532424926758
1.3628976345062256
1.7333238124847412
1.2657949924468994
1.2691614627838135
1.2290523052215576
1.261333703994751
1.2762854099273682
1.210981845855713
1.4261083602905273
1.4562318325042725
2.005629062652588
1.3169381618499756
1.2374827861785889
1.4856529235839844
1.7146360874176025
2.28983473777771
1.2729825973510742
1.4521045684814453
1.2159829139709473
1.2121777534484863
1.9892561435699463
1.293771505355835
1.2108242511749268
1.5883324146270752
1.2063267230987549
1.5105726718902588
1.3843698501586914
1.2481112480163574
2.058825731277466
1.2342917919158936
1.4213571548461914
1.2809455394744873
1.3538925647735596
1.5222525596618652
1.2951302528381348
1.37615966796875
1.2010281085968018
1.2319843769073486
1.2596921920776367
1.2468242645263672
1.273116111755371
1.1871497631072998
1.6151814460754395
1.220564365386963
1.651108741760254
1.270237684249878
1.3508796691894531
1.2551906108856201
1.2952802181243896
1.2873308658599854
1.235339879989624
1.197890043258667
1.1840689182281494
1.2751364707946777
1.43342924118042
1.3042068481445312
1.9252448081970215
1.3233447074890137
2.043046474456787
1.5805144309997559
1.2573180198669434
1.3338072299957275
1.2892770767211914
1.3074092864990234
1.869316577911377
1.3825995922088623
1.2688941955566406
1.539698839187622
1.276430606842041
1.5791778564453125
1.2856884002685547
1.2033281326293945
1.451341152191162
1.3251111507415771
1.2553532123565674
1.58083176612854
1.302236795425415
1.4850058555603027
1.32887601852417
1.8058879375457764
1.5160777568817139
2.055694580078125
1.2950220108032227
1.425534963607788
1.322490930557251
1.3266372680664062
1.2742767333984375
1.3030674457550049
1.7020823955535889
1.2958815097808838
1.262544870376587
1.239844560623169
1.38466477394104
1.2495529651641846
1.6213185787200928
1.2739434242248535
1.4758963584899902
1.1756877899169922
1.8324339389801025
1.6987497806549072
1.920628547668457
1.5121848583221436
1.217005729675293
1.2200844287872314
1.1717407703399658
1.4293766021728516
1.2622807025909424
1.2334280014038086
1.2970139980316162
1.271500587463379
1.4375240802764893
1.482426643371582
1.3345041275024414
2.359957456588745
1.2609858512878418
1.3597068786621094
1.0838208198547363
1.3604238033294678
1.3882427215576172
1.9495954513549805
1.382375955581665
1.230592966079712
1.3407602310180664
1.2680315971374512
1.2337970733642578
1.3158810138702393
1.251540184020996
1.2387900352478027
1.3771083354949951
1.2606801986694336
1.2334716320037842
1.298858404159546
2.048524856567383
1.2948899269104004
1.2468023300170898
1.2131054401397705
1.2741858959197998
1.2301585674285889
1.1118903160095215
1.2659201622009277
1.354353904724121
1.328230857849121
1.351907730102539
1.2559967041015625
1.268963098526001
1.762073040008545
1.2614426612854004
1.2317655086517334
1.3563997745513916
1.4002346992492676
1.26015305519104
1.2361931800842285
1.2301654815673828
1.3563220500946045
1.2650952339172363
1.2524402141571045
1.178788423538208
1.229280710220337
1.275780439376831
1.2681376934051514
1.147092342376709
1.2730438709259033
1.42026686668396
1.4523112773895264
1.284111738204956
1.3262319564819336
1.3479790687561035
1.3071966171264648
1.247910976409912
1.2387676239013672
1.5009374618530273
1.2265338897705078
1.5376670360565186
1.2833774089813232
1.2970795631408691
1.309525728225708
1.3972113132476807
1.5242869853973389
1.2848851680755615
1.2662315368652344
1.7007575035095215
1.304847240447998
1.259446382522583
1.2324347496032715
1.2701656818389893
1.1818723678588867
1.4856066703796387
1.327754259109497
1.239910364151001
1.3793952465057373
1.3520891666412354
1.4025804996490479
1.4989886283874512
1.3914010524749756
1.451873779296875
1.2161056995391846
1.3453357219696045
1.4713354110717773
1.3732736110687256
1.2984540462493896
1.2766218185424805
1.4002761840820312
1.4313616752624512
1.4856741428375244
1.2495660781860352
1.2458479404449463
1.5115787982940674
1.33799147605896
1.385707139968872
1.3478543758392334
1.2252275943756104
1.240713119506836
1.563598394393921
1.4720797538757324
1.3436646461486816
1.4449775218963623
1.8488924503326416
1.1704752445220947
1.3175277709960938
1.4505455493927002
1.2594516277313232
1.4628429412841797
1.4569311141967773
1.2919237613677979
1.3210480213165283
1.4273638725280762
1.3631410598754883
1.3205406665802002
1.3598098754882812
1.2625298500061035
1.305799961090088
1.2314608097076416
1.3679821491241455
1.9467124938964844
1.5189437866210938
1.3814749717712402
1.4256715774536133
1.0772275924682617
1.2832648754119873
1.2696733474731445
1.1736526489257812
1.2329204082489014
1.2741193771362305
1.2596964836120605
1.322145938873291
1.6299049854278564
1.307875394821167
1.2509396076202393
1.3463401794433594
1.2625374794006348
1.26841402053833
1.2597858905792236
1.6266639232635498
1.4273593425750732
1.6684296131134033
1.3336892127990723
1.214189052581787
1.2721543312072754
1.7166016101837158
1.2574591636657715
1.2647781372070312
1.4860997200012207
1.2549920082092285
1.6920907497406006
1.350764274597168
1.2772846221923828
1.4302611351013184
1.4954116344451904
1.2642951011657715
1.8521521091461182
1.4680206775665283
1.2099802494049072
1.7007205486297607
2.0367822647094727
1.2471096515655518
1.4221198558807373
1.1943440437316895
1.295647382736206
1.1541411876678467
2.0678861141204834
1.331183671951294
1.3368327617645264
2.01381516456604
1.277632474899292
1.2824594974517822
1.2443952560424805
1.212705135345459
1.3306899070739746
1.245978832244873
1.4417169094085693
1.9011204242706299
1.3013670444488525
1.2989304065704346
1.2614212036132812
1.5158214569091797
1.2831003665924072
1.345128059387207
1.649268627166748
2.1276168823242188
1.4616999626159668
1.2872264385223389
1.1810460090637207
1.250352144241333
1.316779613494873
1.8318257331848145
1.2574830055236816
2.3733420372009277
1.2954401969909668
1.3654448986053467
2.0451290607452393
1.2974534034729004
1.242861270904541
1.493924617767334
1.1950666904449463
1.3315486907958984
1.2586791515350342
1.4588816165924072
1.2827401161193848
1.2552907466888428
1.8464033603668213
1.3367490768432617
1.2259268760681152
1.1956911087036133
1.2283720970153809
1.2851934432983398
1.2742621898651123
1.7222590446472168
1.2215640544891357
1.264747142791748
1.4203236103057861
1.2963008880615234
1.5073299407958984
1.2990097999572754
1.343174934387207
1.3711252212524414
1.6990084648132324
1.2446086406707764
1.4879882335662842
1.2683110237121582
1.4024271965026855
1.5795693397521973
1.215038537979126
1.6586265563964844
1.2644460201263428
1.2735075950622559
1.296654224395752
1.268829345703125
2.027265787124634
1.4789857864379883
1.4237427711486816
1.392411470413208
1.6969757080078125
1.3804388046264648
1.2939493656158447
1.1676914691925049
2.598846673965454
1.2695491313934326
1.2802858352661133
1.2102720737457275
1.3642420768737793
1.4261407852172852
1.3915057182312012
1.259732961654663
1.2152159214019775
1.398388385772705
1.4985482692718506
1.5343244075775146
1.250706672668457
1.5247704982757568
1.2895112037658691
1.1722419261932373
1.3451330661773682
1.3061907291412354
1.0646908283233643
1.4535000324249268
1.2913155555725098
1.277348279953003
1.287935733795166
1.190432071685791
1.3371272087097168
1.3527381420135498
1.274690866470337
1.3138401508331299
1.2690601348876953
2.1522769927978516
1.2810394763946533
1.3084583282470703
1.216529369354248
1.4547438621520996
1.2353742122650146
1.2356300354003906
1.265784502029419
1.2321853637695312
1.282374620437622
1.4539906978607178
1.439375877380371
1.2333617210388184
1.5093777179718018
1.4561412334442139
1.3916795253753662
1.586129903793335
1.4087421894073486
1.089085340499878
1.2524724006652832
1.2199609279632568
1.4209442138671875
1.1609816551208496
1.3790991306304932
1.2839505672454834
1.524174451828003
1.64915132522583
1.5467896461486816
1.266460657119751
1.2172315120697021
1.283341884613037
1.5929608345031738
1.2435929775238037
1.2984013557434082
1.4215829372406006
1.560600996017456
1.2575559616088867
1.3646824359893799
1.2720551490783691
1.3332252502441406
1.2695341110229492
1.274143934249878
1.180729627609253
1.710968255996704
1.315253734588623
1.1129264831542969
1.378577470779419
1.2511894702911377
1.308234453201294
1.256176233291626
1.3192996978759766
1.4014761447906494
1.82694673538208
1.3925960063934326
1.2734954357147217
1.2576301097869873
1.452817678451538
1.2577919960021973
1.260188102722168
1.294809341430664
1.3209383487701416
1.2098093032836914
1.5731794834136963
2.3049237728118896
1.6397027969360352
1.309905767440796
1.2969591617584229
1.2609994411468506
1.3637394905090332
1.3332536220550537
1.3514602184295654
1.3453350067138672
1.2470505237579346
1.409280776977539
1.672666072845459
1.212423324584961
1.1205899715423584
1.2856016159057617
1.2041456699371338
1.1658799648284912
1.2465310096740723
1.249443769454956
1.2750871181488037
1.2633800506591797
2.2582497596740723
1.2690420150756836
1.262359857559204
1.236983060836792
1.2025470733642578
1.6310667991638184
2.0181355476379395
1.2802348136901855
1.781022310256958
1.2253220081329346
1.382472038269043
1.2590179443359375
1.2901172637939453
1.2391648292541504
1.4251277446746826
1.707287311553955
1.2786669731140137
1.2299625873565674
1.2732996940612793
1.345261812210083
1.2610900402069092
1.2807416915893555
1.2673366069793701
1.2727787494659424
1.2973220348358154
1.2557532787322998
1.2957439422607422
1.2913665771484375
1.206406593322754
1.250746488571167
1.1905927658081055
1.7713642120361328
1.2529041767120361
1.8874175548553467
1.257187843322754
1.2246172428131104
1.3174068927764893
1.2710340023040771
1.2497398853302002
1.387319564819336
1.2406947612762451
1.4716527462005615
1.291686773300171
1.2591042518615723
1.2284343242645264
1.270766258239746
1.5300190448760986
1.2076466083526611
1.5608258247375488
1.3176681995391846
1.244541883468628
1.5537471771240234
1.2375471591949463
1.3905794620513916
1.2299346923828125
1.2655363082885742
1.4335405826568604
1.4251816272735596
1.4726483821868896
1.3091235160827637
1.5748343467712402
1.279029369354248
1.402552843093872
1.335648775100708
1.746328353881836
2.24691104888916
1.3220956325531006
1.2189662456512451
1.4919443130493164
1.2219712734222412
1.2839264869689941
1.5299530029296875
1.2052500247955322
1.2998790740966797
1.7514441013336182
1.427952527999878
1.4777445793151855
1.3758902549743652
1.3439195156097412
1.1776442527770996
1.264794111251831
1.3047075271606445
1.2295620441436768
1.315788984298706
1.3391506671905518
1.3138089179992676
1.532055139541626
1.2137880325317383
1.3906145095825195
1.4143412113189697
1.409834623336792
1.0934746265411377
1.3284811973571777
1.3205845355987549
1.495743989944458
1.6914246082305908
1.305025577545166
1.2158260345458984
1.1977653503417969
1.2335548400878906
1.2948617935180664
1.525604248046875
1.1567847728729248
1.2638046741485596
1.459810733795166
1.2839298248291016
1.4244346618652344
1.2693543434143066
1.2288272380828857
1.370574712753296
1.2604005336761475
1.2555735111236572
1.3993546962738037
1.276585340499878
1.4570982456207275
1.321871042251587
1.253103494644165
1.8752014636993408
1.3025281429290771
1.1366791725158691
1.239161729812622
1.4566736221313477
1.5529766082763672
1.3093137741088867
1.3704276084899902
1.311053991317749
1.2247974872589111
1.2642712593078613
1.31728196144104
1.275071382522583
1.24037504196167
1.4368040561676025
1.2373783588409424
1.2540943622589111
1.0986919403076172
1.380483627319336
1.310420036315918
1.2883985042572021
1.4438953399658203
1.1872124671936035
1.2182466983795166
1.3219354152679443
1.2210757732391357
1.7793657779693604
1.4598443508148193
1.3031883239746094
2.3262381553649902
1.2059836387634277
1.481959581375122
1.2295045852661133
1.624544620513916
1.2414145469665527
1.2842702865600586
1.2959842681884766
1.413142442703247
1.5087313652038574
1.1991989612579346
1.2329227924346924
1.4586944580078125
1.2718250751495361
1.48762845993042
1.237638235092163
1.3776531219482422
1.3337383270263672
1.8054959774017334
1.544417381286621
1.3248217105865479
1.340491533279419
1.3083674907684326
1.2681138515472412
1.270895004272461
1.218238115310669
1.4190692901611328
1.8902437686920166
1.2739529609680176
1.4685511589050293
1.3175718784332275
1.3259687423706055
1.3164784908294678
1.4063642024993896
1.2860300540924072
1.2351534366607666
1.2777950763702393
1.149933099746704
1.5781924724578857
1.2709755897521973
1.7513835430145264
1.6431984901428223
1.172762393951416
1.3958849906921387
1.2930476665496826
1.2196264266967773
1.3586628437042236
1.1744449138641357
1.272217035293579
1.3677184581756592
1.1854407787322998
1.4229540824890137
1.3413643836975098
1.42128324508667
1.6130993366241455
1.2024075984954834
1.254235029220581
1.5602436065673828
1.2772772312164307
1.1903479099273682
1.2872710227966309
1.3724150657653809
1.4905192852020264
1.1768133640289307
1.3654985427856445
1.2887637615203857
1.5108473300933838
1.1481115818023682
1.3242459297180176
1.1704354286193848
1.2513182163238525
1.3954253196716309
1.249457597732544
1.24812912940979
1.2402465343475342
1.176375150680542
1.2661464214324951
2.0988998413085938
1.506697654724121
1.486724615097046
1.268822431564331
1.2353472709655762
1.496584177017212
1.2600314617156982
1.2633602619171143
1.189849853515625
1.5164158344268799
1.3171253204345703
2.0441665649414062
1.597839117050171
1.2917957305908203
1.2298862934112549
1.3168776035308838
1.2054004669189453
1.2902114391326904
1.3486316204071045
1.3014392852783203
1.6669652462005615
1.831707239151001
1.322920799255371
1.315124750137329
1.3165159225463867
1.374558448791504
1.2330622673034668
1.6662530899047852
1.008272647857666
1.968017339706421
1.2758266925811768
1.5055866241455078
1.494234561920166
1.1852686405181885
1.594303846359253
1.3159236907958984
1.2342405319213867
1.4964542388916016
1.355309009552002
1.3628671169281006
1.2128748893737793
1.3243911266326904
1.2820146083831787
1.2435667514801025
1.2706694602966309
1.2663075923919678
1.4154672622680664
1.1997051239013672
1.2989609241485596
1.2385756969451904
1.7108709812164307
1.809129238128662
1.35823655128479
2.02285099029541
2.6290676593780518
1.2775368690490723
1.4866187572479248
1.4425663948059082
1.3604326248168945
1.462360143661499
1.3316519260406494
1.1559514999389648
1.3500261306762695
1.4184784889221191
1.7251002788543701
1.397632360458374
1.2728362083435059
1.25935697555542
1.282921552658081
1.3168983459472656
1.361771821975708
1.3101203441619873
1.2756462097167969
1.285926342010498
1.2388668060302734
1.4843132495880127
1.42022705078125
1.8289241790771484
1.2587213516235352
1.8667662143707275
1.394557237625122
1.295264482498169
1.2664740085601807
1.6677229404449463
1.3297271728515625
1.1869971752166748
1.4596779346466064
1.2587521076202393
1.2344048023223877
1.5423424243927002
1.9821968078613281
1.3155901432037354
1.3909111022949219
2.2135114669799805
1.3884265422821045
1.2829408645629883
1.1821575164794922
1.3440468311309814
1.2258355617523193
1.228536605834961
1.2538068294525146
1.2920615673065186
1.204315423965454
1.2628486156463623
1.2958409786224365
1.2857005596160889
1.3525762557983398
1.4384043216705322
1.4149491786956787
1.9390840530395508
1.3762805461883545
1.216912031173706
1.1826832294464111
1.335653305053711
1.4644784927368164
1.4733288288116455
1.2400155067443848
1.266373634338379
1.3596115112304688
1.4548366069793701
1.212806224822998
1.191948652267456
1.2558655738830566
1.3135812282562256
1.536269187927246
1.4895656108856201
1.5945725440979004
1.3801286220550537
1.3185200691223145
1.5019588470458984
1.2500150203704834
1.3031740188598633
1.2773361206054688
1.3204083442687988
1.2227063179016113
1.2794418334960938
1.3837535381317139
1.2826104164123535
1.3197805881500244
1.3187227249145508
1.20731520652771
1.2598395347595215
1.228119134902954
1.4674758911132812
1.3002569675445557
1.1987237930297852
1.2067437171936035
1.2555241584777832
1.2638087272644043
1.1264424324035645
1.2719552516937256
1.254547119140625
1.234457015991211
1.5124385356903076
1.352485179901123
1.2225074768066406
2.1237807273864746
1.227285385131836
1.236713171005249
1.2494173049926758
1.4450902938842773
1.2973952293395996
1.3483631610870361
1.3494508266448975
1.213813304901123
1.1439547538757324
1.5475249290466309
1.13002610206604
1.2365899085998535
1.5114390850067139
1.3510935306549072
1.2711760997772217
1.390059471130371
1.2774181365966797
2.022987127304077
1.3502552509307861
1.93267822265625
1.2339766025543213
1.615638256072998
2.2340145111083984
1.4357843399047852
1.1032562255859375
1.348496437072754
2.0611660480499268
1.8897035121917725
1.1719551086425781
1.2827467918395996
1.6310477256774902
1.1954841613769531
1.2396225929260254
1.453416109085083
1.3885905742645264
1.2461135387420654
1.3580331802368164
1.3165466785430908
1.2634906768798828
1.2139410972595215
1.2691636085510254
2.5603349208831787
1.584563970565796
1.2865748405456543
1.2769196033477783
1.2838561534881592
1.3617851734161377
1.353107213973999
1.2393066883087158
1.251490831375122
1.2595808506011963
1.245631456375122
1.2840564250946045
1.4348959922790527
1.4059960842132568
1.3193919658660889
1.209653377532959
1.2929513454437256
2.0504398345947266
1.261866807937622
1.3028206825256348
1.2993640899658203
1.49233078956604
1.702225685119629
1.347433090209961
2.4757657051086426
1.2942557334899902
1.072117805480957
1.8260688781738281
1.34332275390625
1.6105916500091553
1.2931947708129883
1.2239155769348145
1.3587584495544434
1.3629047870635986
1.1830947399139404
1.1987991333007812
1.559180736541748
1.3332464694976807
1.3464839458465576
1.2160451412200928
1.9921071529388428
1.0622854232788086
1.5822017192840576
1.4300730228424072
1.4849495887756348
1.2433037757873535
1.1719017028808594
1.5466599464416504
1.3315625190734863
1.2773642539978027
1.456355333328247
1.2424416542053223
1.277583122253418
1.5172080993652344
1.1896600723266602
1.3234939575195312
2.298718214035034
1.2387406826019287
1.2646088600158691
1.287933349609375
1.3367245197296143
1.2406971454620361
1.3115167617797852
1.2734105587005615
1.2355363368988037
1.7361931800842285
1.282559871673584
1.187800645828247
1.5241734981536865
1.5688560009002686
1.4583079814910889
1.455061674118042
1.2651593685150146
2.9056434631347656
1.2765979766845703
1.2608880996704102
1.4773046970367432
1.2683899402618408
1.5802130699157715
1.3224186897277832
1.2770168781280518
1.3998208045959473
1.556704044342041
1.2275540828704834
1.02327561378479
1.4048082828521729
1.3710265159606934
1.4508206844329834
1.2610774040222168
1.3646659851074219
1.3735921382904053
1.307708501815796
1.262472152709961
1.3737475872039795
1.3300690650939941
1.3003718852996826
1.4758925437927246
1.3534705638885498
1.2215666770935059
1.3692972660064697
1.9086103439331055
1.3116536140441895
1.3488225936889648
1.2120990753173828
1.2522859573364258
1.2483868598937988
1.1611824035644531
1.3765172958374023
1.425696611404419
1.4436602592468262
1.419811487197876
1.4422528743743896
1.2555010318756104
1.6117472648620605
1.5326037406921387
1.4679548740386963
1.367476224899292
1.4002063274383545
1.306859016418457
1.2953040599822998
1.4882972240447998
1.4103577136993408
1.486901044845581
1.458195686340332
1.4645540714263916
1.481966257095337
1.3200068473815918
1.3092234134674072
1.3780663013458252
1.2673721313476562
1.2781219482421875
1.2081005573272705
1.406083583831787
1.6668825149536133
1.2064509391784668
1.3416612148284912
1.376904010772705
1.7289659976959229
1.3634600639343262
1.2408745288848877
1.2622876167297363
1.4107351303100586
1.3114924430847168
1.2401864528656006
1.5016670227050781
1.4396183490753174
1.365959644317627
1.6444110870361328
1.268075704574585
1.3984506130218506
1.532472848892212
1.2599706649780273
1.399111270904541
1.3211743831634521
1.4407212734222412
1.0948903560638428
1.968137264251709
1.9870872497558594
1.3894505500793457
1.3433966636657715
1.4557373523712158
1.349780797958374
1.4696459770202637
1.3734135627746582
1.293626308441162
1.7206809520721436
1.3037066459655762
1.302065372467041
1.449148178100586
1.2007780075073242
1.29630708694458
1.3854107856750488
1.6129133701324463
1.304283618927002
1.370091199874878
1.408513069152832
1.4303045272827148
1.4661877155303955
1.3700871467590332
1.3796913623809814
1.2541167736053467
1.2865171432495117
1.2944364547729492
1.6141159534454346
1.4727137088775635
1.5980253219604492
1.3039000034332275
1.2650494575500488
1.5510759353637695
1.4179563522338867
1.2743473052978516
1.172827959060669
1.3112115859985352
1.2400104999542236
1.2718381881713867
1.3127374649047852
1.3787298202514648
1.4435839653015137
1.3223004341125488
1.318633794784546
1.2678892612457275
1.2567884922027588
1.2617318630218506
1.477018117904663
1.2748394012451172
1.6267364025115967
1.3357269763946533
1.2764651775360107
1.2567427158355713
1.5572624206542969
1.2807707786560059
1.2435269355773926
1.4851455688476562
1.3096396923065186
1.2578082084655762
1.2812635898590088
1.2820992469787598
1.2023179531097412
1.2173256874084473
2.4421427249908447
1.861266851425171
1.2349421977996826
1.4620654582977295
1.3148319721221924
1.2685883045196533
1.2269444465637207
1.2249531745910645
1.9064807891845703
1.2376415729522705
1.6996393203735352
1.267805576324463
1.1215605735778809
1.3893153667449951
1.321042537689209
1.5272879600524902
1.3953847885131836
1.623304843902588
1.4349257946014404
1.2386524677276611
1.471912145614624
1.3780288696289062
2.0410146713256836
1.3680846691131592
1.3196163177490234
1.269948959350586
1.2710206508636475
1.359241247177124
1.2773165702819824
1.369610071182251
1.3489742279052734
1.5740416049957275
1.2782819271087646
1.3735568523406982
1.532630205154419
1.3089826107025146
1.3814005851745605
1.2328033447265625
1.2861287593841553
1.472282886505127
1.6962640285491943
1.2093029022216797
1.4947474002838135
1.3883843421936035
1.2380836009979248
1.4254496097564697
1.533017873764038
1.3704068660736084
1.4135050773620605
1.322646141052246
1.3066556453704834
1.4514720439910889
1.0924127101898193
1.4941048622131348
1.130157470703125
1.1075248718261719
1.23256254196167
1.3856251239776611
1.237713098526001
1.299180269241333
1.490663766860962
2.253784656524658
1.4104061126708984
1.2398741245269775
1.273972749710083
1.3533155918121338
1.4891388416290283
1.2591121196746826
1.2337045669555664
1.31211256980896
1.2921433448791504
1.2384769916534424
1.3499047756195068
1.216224193572998
1.6172833442687988
1.2617452144622803
1.3640046119689941
1.7845840454101562
1.1216239929199219
1.327254295349121
1.2817368507385254
1.2596185207366943
1.2476351261138916
1.250244379043579
1.5144758224487305
1.292550802230835
1.4912824630737305
1.7662205696105957
1.4545748233795166
1.8990585803985596
1.378082036972046
1.2902858257293701
1.5865607261657715
1.283107042312622
1.2289674282073975
1.6290616989135742
1.2473301887512207
1.2700753211975098
1.288210391998291
1.5348105430603027
1.5494041442871094
1.2103946208953857
1.290994644165039
1.289473056793213
1.2935590744018555
1.2287514209747314
1.9860966205596924
1.0529592037200928
1.3512682914733887
1.37762451171875
1.4598610401153564
1.290724515914917
1.3467867374420166
1.2612934112548828
1.9174177646636963
1.0615627765655518
1.2158524990081787
1.276599407196045
1.7370610237121582
1.3067271709442139
1.2413959503173828
1.2074306011199951
1.2832016944885254
1.2994768619537354
1.3262767791748047
1.2935552597045898
1.3027215003967285
1.2907330989837646
1.1327621936798096
1.328672170639038
1.1711022853851318
1.338099718093872
1.2431695461273193
1.2773799896240234
1.2688567638397217
1.416910171508789
1.3384721279144287
0.996091365814209
1.5580005645751953
1.4970226287841797
1.5355725288391113
1.2935168743133545
1.5312097072601318
1.4925897121429443
1.2336878776550293
2.425586223602295
1.2230618000030518
1.4187464714050293
2.242046356201172
1.4744012355804443
1.42832350730896
1.477161169052124
1.2681686878204346
1.2280380725860596
1.576979398727417
2.306511402130127
1.2579143047332764
2.309631824493408
1.2419390678405762
1.2225627899169922
1.4422166347503662
1.3417446613311768
1.240983009338379
1.4330720901489258
1.6373071670532227
1.2407927513122559
1.1249442100524902
1.2382872104644775
1.4740874767303467
1.5834782123565674
1.6496384143829346
1.2982721328735352
1.2845180034637451
1.2524755001068115
1.1933751106262207
2.002525568008423
1.2149901390075684
1.2960495948791504
1.285177230834961
1.1879465579986572
1.5357279777526855
1.3890671730041504
1.449568271636963
1.240962028503418
1.2653300762176514
1.418755292892456
1.2429957389831543
1.4638450145721436
1.3531017303466797
1.4459900856018066
1.271758794784546
1.4197068214416504
1.5867431163787842
1.291201114654541
1.6515874862670898
1.2623672485351562
1.4010951519012451
1.3110628128051758
1.271806001663208
1.7845306396484375
1.384979248046875
1.2184393405914307
1.3683414459228516
1.5004630088806152
1.4635918140411377
1.2457592487335205
1.3115088939666748
1.3332881927490234
1.2790672779083252
1.482433557510376
1.380157470703125
1.3596792221069336
1.2873599529266357
1.3538434505462646
1.4676780700683594
1.3399989604949951
1.28285551071167
1.3048062324523926
1.2265594005584717
1.298001766204834
1.399061679840088
1.3177330493927002
1.3628895282745361
1.3301701545715332
1.1958067417144775
1.3669636249542236
1.4833712577819824
1.2595996856689453
1.763688087463379
2.186950206756592
1.2527854442596436
1.313521385192871
1.3290209770202637
1.2771193981170654
1.344752550125122
1.4190337657928467
1.1832740306854248
1.2914164066314697
1.5805480480194092
1.306748390197754
1.3484382629394531
1.2655749320983887
1.3236660957336426
1.2773303985595703
2.1538422107696533
1.1700489521026611
1.2350223064422607
1.4381494522094727
1.2980215549468994
1.178283452987671
1.2880163192749023
1.5648071765899658
1.2886078357696533
2.280806541442871
1.417283535003662
1.5017659664154053
1.6797263622283936
1.417785882949829
1.6126761436462402
1.8579998016357422
1.708725929260254
2.0226874351501465
1.636481523513794
1.6885080337524414
1.2649884223937988
1.1715731620788574
1.375586748123169
1.4697964191436768
1.9800946712493896
1.2445485591888428
1.7532634735107422
1.392604112625122
1.7964286804199219
1.3364429473876953
1.9205060005187988
1.8051283359527588
1.5222134590148926
1.8672034740447998
1.7121164798736572
1.4156312942504883
1.6521601676940918
1.5213935375213623
2.0628128051757812
1.4870367050170898
1.8657455444335938
1.7318825721740723
1.0318539142608643
1.42979097366333
1.1184756755828857
1.2196152210235596
1.6487224102020264
2.0091474056243896
1.2955176830291748
1.7102265357971191
1.1600372791290283
1.35203218460083
1.8283371925354004
1.1636948585510254
1.5219738483428955
1.524967908859253
1.9240353107452393
1.4442551136016846
1.6569368839263916
1.7943305969238281
1.2570757865905762
1.3871564865112305
1.2365305423736572
1.451566219329834
1.443314552307129
1.2560842037200928
1.0059666633605957
2.728593587875366
1.784658670425415
1.815650224685669
1.2228713035583496
1.7119762897491455
1.4418535232543945
1.406682014465332
1.4899566173553467
1.8091545104980469
1.6942403316497803
1.4835710525512695
1.844391107559204
1.5895559787750244
1.6911439895629883
1.0913186073303223
1.2293248176574707
2.1289024353027344
1.980703353881836
1.0058250427246094
1.8669459819793701
1.7524158954620361
0.963773250579834
1.9222664833068848
1.8587899208068848
1.318434715270996
1.227823257446289
1.4163250923156738
2.071106195449829
1.5517091751098633
1.4947490692138672
2.034008026123047
2.120650291442871
1.286102533340454
1.501338005065918
1.321531057357788
1.3930814266204834
1.231978416442871
1.8197264671325684
1.71513032913208
1.6583757400512695
1.9966552257537842
1.8824794292449951
1.474151849746704
1.0446076393127441
1.9441218376159668
1.1923980712890625
1.9663336277008057
1.5188813209533691
1.6149723529815674
1.957061529159546
1.6667463779449463
2.0779054164886475
1.2105414867401123
1.2206766605377197
1.234154462814331
2.0120961666107178
1.5101830959320068
1.2692108154296875
1.2389967441558838
1.8908398151397705
1.2538726329803467
1.450568675994873
1.8705449104309082
1.2509653568267822
1.7351422309875488
1.2885890007019043
1.0006496906280518
1.4441289901733398
1.413282871246338
1.5247819423675537
1.2584333419799805
1.0703206062316895
0.9921875
3.1278388500213623
1.4848358631134033
1.1563365459442139
1.4376099109649658
2.06571888923645
1.3071308135986328
1.4410314559936523
1.3728358745574951
1.8978593349456787
1.7853481769561768
1.4530117511749268
1.4895892143249512
1.3812470436096191
1.2648301124572754
1.4056286811828613
1.5114006996154785
1.2757863998413086
1.5219857692718506
1.5385668277740479
1.2108371257781982
1.6649234294891357
2.070228338241577
1.3187103271484375
1.2699799537658691
1.6278951168060303
1.5123176574707031
1.421543836593628
1.8693411350250244
1.3820960521697998
2.011977434158325
1.3502976894378662
1.9458940029144287
1.2746303081512451
1.2128205299377441
1.6828827857971191
1.254380226135254
1.5346715450286865
2.032125949859619
1.8294579982757568
1.2948949337005615
1.3839938640594482
1.3125088214874268
1.4459803104400635
1.445641040802002
1.2453408241271973
1.8631455898284912
1.2665181159973145
1.5048601627349854
1.0775349140167236
1.4686338901519775
1.5097665786743164
1.4123692512512207
1.5806682109832764
2.1253585815429688
0.9594848155975342
1.0249860286712646
1.6155381202697754
1.4198226928710938
1.224478006362915
1.3186466693878174
1.008556842803955
1.2888789176940918
1.7248563766479492
1.2068800926208496
1.1844513416290283
1.2556877136230469
1.2113368511199951
1.492668867111206
1.3646800518035889
1.3796839714050293
1.8183174133300781
1.8244879245758057
1.6907272338867188
1.2473008632659912
2.2662363052368164
1.2806644439697266
1.9393889904022217
1.2027368545532227
1.4031331539154053
1.292375087738037
1.4524166584014893
2.03503155708313
1.5038673877716064
1.2677416801452637
1.3017635345458984
2.1692798137664795
1.2261059284210205
1.3678929805755615
1.5683841705322266
1.2256090641021729
1.0592255592346191
1.2328331470489502
1.2223260402679443
1.6882729530334473
1.6903705596923828
1.2453947067260742
1.377490520477295
1.2683920860290527
1.455962896347046
1.2091550827026367
1.7188146114349365
1.282196044921875
1.260969638824463
2.090667486190796
1.264944076538086
1.7780578136444092
1.3387491703033447
1.2657732963562012
1.9853951930999756
1.360893726348877
1.2982292175292969
1.9108355045318604
1.4636461734771729
1.6311161518096924
1.8378868103027344
2.2289507389068604
1.7540338039398193
1.8553636074066162
1.6071548461914062
1.2763581275939941
1.8258428573608398
1.1925156116485596
1.2454967498779297
1.2360622882843018
2.0254175662994385
1.2620737552642822
1.250044822692871
2.1704773902893066
1.937567949295044
1.4643783569335938
1.998154878616333
1.8172557353973389
1.783557653427124
1.188230037689209
1.4309794902801514
1.2437081336975098
2.037381172180176
1.627014398574829
1.213221549987793
1.277574062347412
1.3623356819152832
1.3947558403015137
2.387044668197632
1.0488557815551758
1.7959933280944824
1.8756091594696045
1.5445082187652588
1.4093444347381592
1.2002856731414795
1.1979889869689941
1.3604133129119873
1.2304275035858154
1.0450849533081055
1.9123680591583252
1.5434463024139404
0.9819955825805664
1.5188472270965576
1.968404769897461
2.134709358215332
2.41684627532959
1.796872854232788
1.2937884330749512
1.5963497161865234
1.2403831481933594
1.291853904724121
1.6698527336120605
1.272611379623413
1.5350492000579834
1.7660715579986572
1.2476694583892822
1.2704689502716064
1.2939441204071045
1.4309306144714355
1.274034023284912
1.637183666229248
1.1879770755767822
1.26200532913208
1.2658653259277344
1.2157924175262451
1.2069263458251953
2.202580690383911
1.3043186664581299
0.9881770610809326
1.4414851665496826
1.2855074405670166
1.8590137958526611
1.246840000152588
1.21726655960083
1.2812201976776123
1.2966654300689697
1.4048116207122803
1.2850298881530762
1.2830302715301514
1.788487195968628
1.2583866119384766
1.1288378238677979
1.9157154560089111
1.158646821975708
1.2598142623901367
1.3283836841583252
1.6155786514282227
1.2496578693389893
1.2192161083221436
1.1712398529052734
1.728088140487671
1.909700870513916
1.387990951538086
1.454075574874878
1.4991962909698486
1.2173852920532227
1.3050284385681152
1.6515474319458008
2.480530023574829
1.497406244277954
1.2902095317840576
1.3975837230682373
1.1931352615356445
1.4293270111083984
1.4004268646240234
1.2161462306976318
1.2395384311676025
1.2257912158966064
1.5411899089813232
1.338102102279663
1.419459581375122
1.3097200393676758
1.2608129978179932
1.209864854812622
3.045977830886841
1.4680614471435547
1.5772151947021484
1.1917576789855957
2.685861587524414
1.99544095993042
1.2729036808013916
1.374345302581787
1.3091566562652588
1.2663495540618896
1.1722474098205566
1.363192081451416
1.7444627285003662
1.4557139873504639
1.3957185745239258
1.5262434482574463
1.4304907321929932
1.443086862564087
1.1765902042388916
1.301741123199463
1.5541603565216064
1.2594034671783447
1.381206750869751
1.2566289901733398
1.249737024307251
1.3970816135406494
1.8253271579742432
1.4214794635772705
1.0389835834503174
1.8869102001190186
1.8130052089691162
1.2837212085723877
1.0169146060943604
1.2539010047912598
1.68746018409729
1.0990359783172607
1.2556390762329102
1.8402135372161865
1.1810824871063232
1.4993648529052734
1.5761189460754395
1.2024924755096436
1.164640188217163
1.5224711894989014
1.336338758468628
2.0151820182800293
1.9640326499938965
1.4438507556915283
1.4587247371673584
1.294386863708496
1.4860742092132568
1.4488496780395508
2.57495379447937
1.2312443256378174
1.2459235191345215
1.7413599491119385
1.2390265464782715
1.4398503303527832
1.5186128616333008
1.503084421157837
1.673992395401001
1.0004358291625977
1.7283592224121094
1.614123821258545
1.2722465991973877
1.8522145748138428
1.2495362758636475
1.4643568992614746
1.8690927028656006
1.2673213481903076
1.3020155429840088
1.2530274391174316
1.570577621459961
1.276620864868164
1.4581122398376465
1.4320495128631592
1.2299067974090576
1.2338848114013672
1.3168108463287354
1.485945224761963
1.2247562408447266
1.835155963897705
1.2650318145751953
1.5185918807983398
1.6147441864013672
1.345543622970581
1.2131445407867432
1.3993139266967773
1.2610805034637451
1.4886796474456787
1.8224663734436035
2.0516834259033203
1.2522571086883545
1.175189733505249
1.2316913604736328
1.5426051616668701
1.4698779582977295
1.7940068244934082
1.330679178237915
1.2598998546600342
1.6698331832885742
1.113168716430664
1.4456064701080322
1.0817854404449463
1.20595383644104
1.2720451354980469
1.308617115020752
1.6848211288452148
1.2706482410430908
2.1131956577301025
1.5586061477661133
1.8941574096679688
1.3884642124176025
1.2470431327819824
1.700448751449585
1.2715048789978027
2.379350185394287
1.2420074939727783
1.1984505653381348
1.7713251113891602
1.2859055995941162
1.2568211555480957
1.309882640838623
1.540698528289795
1.2875020503997803
1.5400080680847168
1.2519888877868652
1.2978715896606445
2.5762317180633545
1.2477633953094482
1.3242130279541016
1.4278085231781006
1.205672264099121
1.150724172592163
1.8948609828948975
1.2097618579864502
1.3339295387268066
1.527902603149414
1.226369857788086
1.314774751663208
1.238595724105835
1.2588047981262207
1.1989812850952148
1.2384305000305176
1.2951340675354004
1.5347189903259277
1.2186217308044434
1.3342750072479248
1.0756447315216064
1.3502416610717773
1.4061992168426514
1.253340244293213
1.3116724491119385
1.2053601741790771
1.43863844871521
1.5607471466064453
1.35014009475708
1.1977217197418213
1.210115909576416
0.9907023906707764
1.2512998580932617
1.2110321521759033
1.2501304149627686
1.2293856143951416
1.4577033519744873
1.3132762908935547
1.276686191558838
1.3056795597076416
1.1951189041137695
1.819446086883545
1.2892563343048096
1.2790553569793701
1.2593111991882324
1.250903606414795
1.4974112510681152
1.6927542686462402
1.210874319076538
1.2900047302246094
1.3313651084899902
1.5299465656280518
1.2538001537322998
1.444960594177246
1.345107078552246
1.2256031036376953
1.7999801635742188
1.1496074199676514
1.8752021789550781
1.2525863647460938
1.2919604778289795
1.5824012756347656
2.387125253677368
1.2979493141174316
0.9619691371917725
1.2663066387176514
1.9935877323150635
2.1005327701568604
1.4314994812011719
1.2383356094360352
1.2536358833312988
1.7490758895874023
1.4740161895751953
1.236867904663086
1.3207581043243408
1.2836995124816895
1.6948812007904053
1.3517913818359375
1.4997997283935547
1.1921257972717285
1.4166998863220215
1.2675204277038574
1.4773530960083008
1.273829698562622
1.4063751697540283
1.2812843322753906
1.2955522537231445
1.2980048656463623
2.00823974609375
2.454775333404541
1.7277045249938965
1.2152986526489258
1.6018266677856445
1.3188817501068115
1.328244686126709
2.2156472206115723
1.4873945713043213
1.2378671169281006
1.2720108032226562
1.2521991729736328
1.2697997093200684
1.2776846885681152
1.9495723247528076
1.2146530151367188
1.2199726104736328
1.2437114715576172
1.2003204822540283
1.21881103515625
1.2153289318084717
1.287261724472046
1.1958603858947754
1.4805350303649902
1.397341251373291
1.208594799041748
1.3481640815734863
1.1889979839324951
1.631946086883545
2.013876438140869
1.2110421657562256
1.298905849456787
1.6829233169555664
1.2898190021514893
1.4534037113189697
1.4448275566101074
1.2570044994354248
1.451176404953003
1.2743618488311768
1.5986344814300537
1.2029674053192139
1.2137410640716553
1.337980031967163
1.281463384628296
1.8769752979278564
1.3104896545410156
1.3703665733337402
2.062795639038086
1.2204999923706055
1.4379878044128418
1.2577641010284424
1.057692050933838
1.4029514789581299
1.3697950839996338
1.2574117183685303
1.213857650756836
1.3261568546295166
1.263930082321167
1.3151946067810059
1.2588543891906738
2.0768215656280518
1.3139488697052002
1.184260606765747
1.3100125789642334
1.1974208354949951
1.4217169284820557
1.1233923435211182
1.0443313121795654
1.4616737365722656
1.2392005920410156
2.0256969928741455
1.3756368160247803
1.2984097003936768
1.821343183517456
1.2222726345062256
2.105923891067505
1.3846819400787354
1.386824369430542
1.2853541374206543
1.4357225894927979
1.8820629119873047
1.2917859554290771
1.1468088626861572
1.2433726787567139
1.470545768737793
1.6795892715454102
1.2438907623291016
1.2261455059051514
1.1493992805480957
1.0269279479980469
1.4119291305541992
1.281628131866455
2.341808795928955
1.3127315044403076
1.2401173114776611
1.1866450309753418
1.2121844291687012
1.1029081344604492
1.1614971160888672
1.2138149738311768
1.2753751277923584
1.2934231758117676
1.256547212600708
1.2266733646392822
1.320734977722168
1.3366687297821045
1.3339738845825195
1.2399890422821045
2.337625741958618
1.2509851455688477
1.276230812072754
1.4364995956420898
1.400266170501709
1.2807981967926025
1.3978221416473389
1.288898229598999
1.046147108078003
1.2609832286834717
1.3162200450897217
1.7213106155395508
1.2979207038879395
2.2173264026641846
2.1081464290618896
1.9184694290161133
1.23899245262146
1.6835527420043945
1.2051069736480713
1.5196502208709717
1.2581655979156494
1.1515812873840332
1.8607101440429688
1.7007708549499512
1.9512624740600586
1.2794599533081055
1.4485960006713867
1.2892811298370361
1.2709436416625977
1.4427423477172852
1.2180159091949463
1.236656904220581
1.241175889968872
1.1295480728149414
1.6243131160736084
1.2098262310028076
1.2812201976776123
1.7865016460418701
1.2193834781646729
1.37227463722229
1.309441089630127
1.2096405029296875
1.2462360858917236
1.2737667560577393
1.246150255203247
1.4092702865600586
1.3433902263641357
1.8740432262420654
1.3022830486297607
1.261265516281128
1.470005989074707
1.2343246936798096
1.2823486328125
1.329833745956421
1.2613952159881592
1.3876113891601562
1.4975571632385254
1.5590403079986572
1.210721492767334
1.4390599727630615
1.512084722518921
1.7634520530700684
1.2325589656829834
1.1133477687835693
2.4143848419189453
1.5134210586547852
1.2390143871307373
1.219639778137207
1.2001831531524658
1.4865341186523438
1.2475810050964355
1.2053189277648926
1.385490894317627
1.4041433334350586
1.4507501125335693
1.3058247566223145
2.0153496265411377
1.4155199527740479
1.253159761428833
1.9263501167297363
1.2453205585479736
1.2448065280914307
1.5391759872436523
1.3093338012695312
1.6217308044433594
1.5693237781524658
2.8950035572052
1.305605173110962
2.038083791732788
1.2596540451049805
1.2867136001586914
2.657165765762329
1.2117929458618164
1.1828887462615967
1.2553188800811768
1.9575657844543457
1.331038236618042
2.039034128189087
1.219135046005249
1.2250688076019287
1.319756031036377
1.2762653827667236
1.187391996383667
1.3037762641906738
1.287750005722046
1.2588882446289062
1.4678900241851807
1.141984462738037
1.7660551071166992
1.331761121749878
1.2009551525115967
1.2052767276763916
1.1990158557891846
1.2188973426818848
1.2332823276519775
1.567068099975586
1.6214635372161865
1.2384834289550781
1.4582128524780273
1.012655258178711
1.065727949142456
1.3283729553222656
1.7566266059875488
1.2974228858947754
2.0507771968841553
1.9006595611572266
1.3662166595458984
2.3225653171539307
1.2546851634979248
1.3215479850769043
1.3244578838348389
1.5995802879333496
1.3115148544311523
1.1384081840515137
1.34584379196167
1.5409531593322754
1.2724759578704834
1.0776543617248535
1.3815078735351562
1.2819340229034424
1.2916748523712158
1.3760600090026855
1.321225881576538
1.1120855808258057
2.0956122875213623
1.2335059642791748
2.369990110397339
1.187974214553833
1.2491941452026367
1.545027494430542
1.1996493339538574
1.4441983699798584
1.48858642578125
1.384437084197998
1.4087193012237549
1.5018765926361084
1.287369728088379
1.0974862575531006
1.2998559474945068
1.2894186973571777
0.9631106853485107
1.3098728656768799
1.2421517372131348
1.171398401260376
1.253249168395996
1.3215007781982422
1.5454673767089844
1.4453942775726318
1.210399866104126
1.1532714366912842
1.6066169738769531
1.0916435718536377
1.250382423400879
1.2235426902770996
1.2334446907043457
1.2324326038360596
1.484271764755249
1.2390549182891846
1.4460749626159668
1.3534631729125977
1.2320232391357422
1.8226699829101562
1.3539364337921143
1.2527873516082764
1.3262927532196045
1.262648582458496
1.2318103313446045
1.2342064380645752
1.5231592655181885
1.2413451671600342
1.2469513416290283
1.2641420364379883
1.2952642440795898
1.3045263290405273
1.2740004062652588
1.2329199314117432
1.3366565704345703
1.2753584384918213
1.995138168334961
1.6196739673614502
1.4048001766204834
1.326021432876587
1.3958773612976074
1.4594452381134033
2.2618587017059326
1.2552173137664795
1.5676898956298828
1.2436349391937256
1.2972218990325928
1.3120460510253906
1.2261080741882324
1.2895302772521973
1.4716300964355469
1.1673991680145264
2.4812145233154297
1.272369623184204
1.1625797748565674
1.3994560241699219
1.301720380783081
1.2006382942199707
1.4706056118011475
1.3068633079528809
1.3792309761047363
1.4267137050628662
1.1971278190612793
1.412086009979248
1.4114325046539307
1.246182918548584
1.3046727180480957
1.3188261985778809
1.2560844421386719
1.4959616661071777
1.3335659503936768
1.7504973411560059
1.2097394466400146
1.7476046085357666
2.754484176635742
1.6548702716827393
1.2685909271240234
1.2048041820526123
1.2209668159484863
1.2453465461730957
1.7679011821746826
1.531679630279541
1.3477885723114014
1.4722075462341309
1.4650936126708984
1.5144753456115723
1.3206686973571777
1.2923684120178223
1.8870763778686523
1.3224623203277588
1.2746577262878418
1.2705397605895996
1.253286600112915
1.9851405620574951
1.444864273071289
1.4871797561645508
1.2973568439483643
1.2951664924621582
1.2449369430541992
1.3134996891021729
1.2765920162200928
1.1170403957366943
1.3429594039916992
1.2310843467712402
1.3713595867156982
2.0542349815368652
1.238987922668457
1.2712790966033936
2.3688623905181885
1.4677042961120605
1.2391743659973145
1.375462532043457
1.3812768459320068
1.2262814044952393
1.2014522552490234
1.4728708267211914
1.269287347793579
1.3940656185150146
1.365591049194336
1.2258367538452148
1.3413338661193848
1.233689546585083
1.590054988861084
1.21394681930542
1.335819959640503
1.7114431858062744
1.0294132232666016
1.54252290725708
1.2794878482818604
1.0102319717407227
2.375391960144043
1.2432079315185547
2.073953151702881
1.2149240970611572
1.295659065246582
1.132976770401001
1.5142781734466553
1.6004867553710938
1.5152277946472168
1.5039916038513184
1.636530876159668
1.2873659133911133
1.4150011539459229
1.2478184700012207
1.3320579528808594
1.2443673610687256
1.0377216339111328
1.3748352527618408
1.2442467212677002
1.4345614910125732
1.1762022972106934
1.5392837524414062
1.2760529518127441
1.4622533321380615
1.2443482875823975
1.52280855178833
1.3969132900238037
1.1671738624572754
0.998528003692627
1.5064187049865723
1.3086423873901367
1.3913791179656982
1.2697839736938477
1.2080109119415283
1.5129461288452148
1.6476798057556152
1.5931425094604492
1.1368141174316406
1.5613765716552734
1.3769423961639404
1.7836201190948486
1.2970318794250488
1.3235974311828613
1.8543717861175537
1.2756445407867432
2.0742416381835938
1.1437642574310303
1.4959945678710938
1.2292656898498535
1.4650073051452637
1.5484607219696045
1.6418962478637695
1.2947041988372803
1.246734380722046
1.20524263381958
1.1271617412567139
1.115297555923462
1.3040962219238281
1.2682106494903564
1.3254961967468262
1.4759652614593506
1.4331750869750977
1.337768316268921
1.2807049751281738
1.2884149551391602
1.2729873657226562
1.4900572299957275
1.2546062469482422
1.7332561016082764
1.2842440605163574
1.5692877769470215
1.2834362983703613
1.2203350067138672
1.503187894821167
1.3505120277404785
1.4825520515441895
1.219191312789917
1.5253016948699951
1.2432398796081543
1.288621187210083
1.2925283908843994
1.2548112869262695
1.8048865795135498
1.3404910564422607
1.2732393741607666
1.4820783138275146
1.8267648220062256
1.2354590892791748
1.7924957275390625
1.2985761165618896
1.2770023345947266
1.264470100402832
1.3278939723968506
1.3903477191925049
1.3173961639404297
1.2291693687438965
1.576831340789795
1.0525946617126465
1.3885812759399414
1.2042210102081299
1.3039076328277588
1.549593448638916
1.5431129932403564
1.2424776554107666
1.2134263515472412
1.2456164360046387
1.2367050647735596
1.3026413917541504
1.4564640522003174
1.2077844142913818
2.273209810256958
1.2291162014007568
1.2839398384094238
1.4028394222259521
1.6708080768585205
1.8881778717041016
1.2518527507781982
1.316986322402954
1.3304104804992676
1.4371001720428467
1.2700152397155762
1.2773807048797607
1.3251376152038574
2.5567893981933594
1.2602512836456299
1.262479305267334
1.2750356197357178
1.3128678798675537
1.5594427585601807
1.3253920078277588
1.2513861656188965
1.274899959564209
1.210735559463501
1.2323107719421387
1.2937533855438232
1.193315029144287
1.7432780265808105
1.2126119136810303
1.834397554397583
1.3250374794006348
1.247511625289917
1.3949408531188965
1.2887568473815918
1.2530403137207031
1.2145280838012695
1.2554502487182617
1.2181053161621094
1.5179402828216553
1.219862461090088
2.214444160461426
1.169471025466919
1.524085283279419
1.984560489654541
1.5169146060943604
1.2535531520843506
1.3361763954162598
1.6414833068847656
1.2871425151824951
1.2904903888702393
1.359778881072998
1.2448320388793945
1.2851965427398682
1.260439395904541
1.1878931522369385
1.09830904006958
1.4258646965026855
1.349334478378296
1.3799781799316406
1.2211451530456543
1.3750317096710205
1.2088863849639893
1.4272241592407227
1.2988276481628418
1.5021944046020508
1.2849836349487305
1.5924756526947021
1.3669683933258057
1.2542741298675537
1.4498252868652344
2.464221477508545
1.321485996246338
1.2342073917388916
1.2545945644378662
1.2510364055633545
1.3865509033203125
1.3576345443725586
2.2602338790893555
2.2842421531677246
1.3071036338806152
1.5266425609588623
1.5723681449890137
1.0127551555633545
1.3488168716430664
1.6683473587036133
1.243506908416748
1.2716684341430664
1.4790427684783936
1.4319736957550049
1.3479681015014648
1.340308666229248
1.067619800567627
1.4172041416168213
1.1890106201171875
1.2511544227600098
1.253875732421875
1.4646811485290527
1.3126623630523682
1.3908228874206543
1.2342619895935059
1.2856271266937256
1.245985746383667
2.4434194564819336
1.3503344058990479
1.2085576057434082
1.257903814315796
1.2550415992736816
1.6267130374908447
1.1874332427978516
1.4351861476898193
1.2550301551818848
1.5777440071105957
1.0636262893676758
1.3020172119140625
1.543912649154663
1.4211926460266113
1.2621827125549316
1.225888729095459
1.6665308475494385
1.1734893321990967
1.6248469352722168
1.6745476722717285
1.2674200534820557
1.5190749168395996
1.3261041641235352
1.2802112102508545
1.24226713180542
1.5567610263824463
1.560520887374878
1.310692548751831
1.3570668697357178
1.256330966949463
1.3480792045593262
1.2860376834869385
1.2572903633117676
1.4037511348724365
2.0693869590759277
1.439971685409546
1.38075852394104
1.6467127799987793
1.0025622844696045
1.194164514541626
1.5698363780975342
2.431734085083008
1.294877290725708
1.293076992034912
1.413583517074585
1.2567951679229736
1.1576669216156006
1.8405382633209229
1.3294909000396729
1.2351469993591309
1.2342259883880615
1.308807134628296
1.1809577941894531
1.2854628562927246
1.8698477745056152
1.1124165058135986
1.2499775886535645
1.244905710220337
1.4696545600891113
2.1494925022125244
1.0537524223327637
1.5398733615875244
1.355116844177246
1.1276447772979736
1.248166799545288
1.2743113040924072
2.0957987308502197
1.2922639846801758
2.364738941192627
1.3104298114776611
1.6239726543426514
1.2068946361541748
1.195605993270874
1.2608649730682373
1.3049144744873047
1.442603349685669
1.3114783763885498
1.1925113201141357
1.9555706977844238
1.2674047946929932
1.326413631439209
1.395911693572998
1.2837207317352295
1.3247830867767334
1.3168327808380127
1.2064604759216309
1.2993454933166504
2.156325101852417
1.3088817596435547
1.5987048149108887
1.5277211666107178
1.2941064834594727
1.1608965396881104
1.1170029640197754
1.613994836807251
1.2537858486175537
1.5287609100341797
1.3734817504882812
1.2512273788452148
1.2737548351287842
1.1914715766906738
1.3625645637512207
1.2550246715545654
1.281717300415039
1.227703332901001
1.2546687126159668
1.2379693984985352
1.3858709335327148
1.1981875896453857
1.213989019393921
1.3365466594696045
1.2312109470367432
1.6860589981079102
1.3300201892852783
1.3013403415679932
1.3314764499664307
1.3915460109710693
1.425994634628296
1.3279304504394531
1.2024424076080322
1.842599630355835
1.2866103649139404
1.6017141342163086
1.1969037055969238
1.343061923980713
1.2292115688323975
1.2484376430511475
1.2811362743377686
1.283339262008667
1.4699513912200928
1.3649380207061768
1.8940410614013672
1.3480925559997559
2.0127320289611816
1.8182895183563232
1.3252637386322021
1.2173948287963867
1.3035597801208496
1.3445048332214355
1.3528673648834229
1.4294226169586182
1.9255411624908447
1.1572458744049072
1.820145606994629
1.5095396041870117
1.417351245880127
1.3653578758239746
1.2218573093414307
1.1185011863708496
1.4473888874053955
1.1904520988464355
1.6431055068969727
2.64980149269104
1.4552414417266846
1.2920763492584229
1.541621208190918
1.3005290031433105
1.2024321556091309
1.4123733043670654
1.269038438796997
1.373047113418579
1.291280746459961
0.9950201511383057
1.4053194522857666
1.5626020431518555
1.253854513168335
1.2401783466339111
1.5146307945251465
1.2310895919799805
1.5388391017913818
1.605269193649292
1.2758255004882812
1.2766375541687012
1.457916259765625
1.46445631980896
1.1869566440582275
1.2114181518554688
1.2458806037902832
1.4061129093170166
1.2675728797912598
1.5153367519378662
1.121338129043579
1.0569097995758057
1.42543625831604
1.433762788772583
1.5677711963653564
1.2159569263458252
1.2651660442352295
1.253605842590332
1.2599058151245117
1.3610267639160156
2.0506885051727295
1.2313077449798584
1.2099955081939697
1.4635353088378906
1.3696091175079346
1.220763921737671
1.2089974880218506
1.5230867862701416
1.4566118717193604
1.2223989963531494
1.3109698295593262
1.2749626636505127
1.0570096969604492
1.5290634632110596
1.2831661701202393
1.458099365234375
1.4988231658935547
1.4273545742034912
1.0613839626312256
1.2229065895080566
1.512474775314331
1.2803781032562256
1.2236664295196533
2.0476036071777344
1.2605037689208984
1.2649338245391846
1.6194932460784912
1.2555553913116455
1.2937695980072021
1.3262639045715332
1.3758361339569092
1.2800779342651367
0.9563453197479248
1.3154926300048828
1.3529243469238281
1.5740065574645996
2.55938982963562
1.304654836654663
1.5344984531402588
1.4940972328186035
1.4728844165802002
1.3432085514068604
1.2345621585845947
1.2535293102264404
1.5845260620117188
1.312021255493164
1.3142516613006592
1.7234766483306885
2.455451488494873
1.5060875415802002
1.7873029708862305
1.4954819679260254
1.2658326625823975
1.2402174472808838
1.2376697063446045
1.2371773719787598
1.210716724395752
1.45729660987854
1.4963123798370361
1.2979342937469482
1.2373414039611816
1.532860279083252
1.255669355392456
1.2415764331817627
1.3407061100006104
1.506946086883545
1.3775441646575928
1.3754191398620605
1.2846121788024902
1.3961353302001953
1.2093000411987305
1.3210597038269043
1.2398781776428223
1.26884126663208
1.506542444229126
1.4056055545806885
1.8444981575012207
1.199108600616455
1.2709693908691406
1.3395986557006836
1.4521801471710205
1.268521785736084
1.3290905952453613
1.422611951828003
1.4950573444366455
1.291489601135254
1.4023303985595703
1.2824382781982422
1.1062240600585938
1.424534797668457
1.1520628929138184
1.6734952926635742
1.4747979640960693
1.2774293422698975
1.2580938339233398
1.2943551540374756
1.505826711654663
1.4969074726104736
1.7375688552856445
1.1325640678405762
1.226189136505127
1.329408884048462
1.4695918560028076
1.2367522716522217
1.267268180847168
1.7814350128173828
1.463618516921997
1.333782434463501
1.1969335079193115
1.3203532695770264
1.4022927284240723
1.251042127609253
1.3244919776916504
1.515852689743042
1.7332041263580322
1.2163732051849365
2.0331594944000244
1.2881748676300049
1.8085095882415771
1.2334034442901611
1.5170094966888428
1.1830034255981445
1.4254193305969238
1.2953557968139648
1.3215916156768799
1.2985906600952148
1.461440086364746
1.4643161296844482
1.3196401596069336
1.2718873023986816
1.3750660419464111
1.6888084411621094
1.1040337085723877
1.7800776958465576
1.2641210556030273
1.5000133514404297
1.5863714218139648
1.4840068817138672
1.3658957481384277
1.2436480522155762
1.240319013595581
1.55609130859375
1.7010810375213623
1.4223012924194336
1.2653803825378418
0.9716229438781738
1.3591623306274414
1.505469560623169
1.4328980445861816
1.3220176696777344
1.2278053760528564
1.484769344329834
1.5156898498535156
1.196915626525879
1.3193321228027344
1.236506700515747
1.5479133129119873
1.2442193031311035
1.5424559116363525
1.2101309299468994
1.426288366317749
1.18788743019104
1.3374924659729004
2.1347432136535645
1.173253059387207
1.7144474983215332
1.4599971771240234
1.2196159362792969
1.334660291671753
1.267057180404663
1.2644503116607666
1.2694189548492432
1.2958128452301025
1.3850629329681396
1.5428097248077393
1.2850534915924072
1.180203914642334
1.2577967643737793
1.2702043056488037
1.2631056308746338
1.5824382305145264
1.5555918216705322
1.248737096786499
1.2080879211425781
1.0365047454833984
1.360945701599121
1.8335187435150146
2.256791353225708
1.4524993896484375
1.2482941150665283
1.290151596069336
1.4248344898223877
1.0971553325653076
1.2694220542907715
1.2240345478057861
1.3788256645202637
1.2336504459381104
1.2780427932739258
1.1622116565704346
1.220888614654541
1.5258748531341553
1.2488110065460205
1.3110320568084717
1.272533655166626
1.2869033813476562
1.3009974956512451
1.370957851409912
1.2038321495056152
1.4699311256408691
2.499845027923584
1.3485407829284668
1.2486612796783447
1.351133108139038
1.3040242195129395
1.2949204444885254
1.8172695636749268
1.3427464962005615
1.2047245502471924
1.8345651626586914
1.2475190162658691
1.216402292251587
1.4147076606750488
1.3617157936096191
1.3904342651367188
1.3698747158050537
1.3564743995666504
1.2438580989837646
1.1953508853912354
1.8083016872406006
1.225355863571167
1.039628028869629
1.4933862686157227
1.3143229484558105
0.9845659732818604
1.4986553192138672
1.342235803604126
1.6325702667236328
1.4846861362457275
2.222012519836426
1.2530622482299805
1.325253963470459
1.9649333953857422
1.204671859741211
1.0554051399230957
1.3498601913452148
1.3117380142211914
1.263603925704956
1.2587425708770752
1.3989028930664062
1.3338408470153809
1.2287592887878418
1.167762279510498
1.7750308513641357
1.2402949333190918
1.2471473217010498
2.0155653953552246
1.2907006740570068
1.2209489345550537
1.424187183380127
1.2782416343688965
1.4449288845062256
1.3026564121246338
1.1934778690338135
1.2577109336853027
1.2915043830871582
1.303464651107788
1.8124620914459229
1.3168578147888184
1.2580287456512451
1.831519603729248
1.2615656852722168
1.3132243156433105
1.2284440994262695
1.3470332622528076
1.2797319889068604
1.2151200771331787
1.239633321762085
1.2391536235809326
1.1506257057189941
1.2325072288513184
1.250452995300293
1.3102099895477295
1.2477977275848389
1.3898091316223145
1.315948247909546
1.2179961204528809
1.2047574520111084
1.2949235439300537
1.1075150966644287
2.672898054122925
1.3136394023895264
1.284574270248413
1.3961513042449951
1.9873771667480469
1.2499926090240479
1.2683250904083252
1.259814977645874
1.0784039497375488
1.2457187175750732
1.2479536533355713
1.2470314502716064
1.43568754196167
1.3550193309783936
1.3026635646820068
1.8075306415557861
1.2557263374328613
1.5057852268218994
1.1953752040863037
1.2481043338775635
1.1682748794555664
1.3802440166473389
1.5538198947906494
1.766057014465332
1.3770740032196045
1.2858219146728516
1.2162413597106934
1.4139747619628906
1.2198476791381836
1.436619758605957
1.4085466861724854
1.33158540725708
1.1984846591949463
1.3251616954803467
1.2716326713562012
1.3050765991210938
1.2630228996276855
1.2342638969421387
1.3492450714111328
1.489835262298584
1.1331241130828857
1.3259973526000977
1.3147730827331543
1.2715680599212646
1.215325117111206
1.3060860633850098
1.325850009918213
1.2721385955810547
1.4328773021697998
1.2594935894012451
1.412876844406128
1.3030109405517578
1.364156723022461
1.3058984279632568
1.304520845413208
1.2127420902252197
1.308393955230713
1.2778785228729248
1.304765224456787
1.4746441841125488
1.2577426433563232
1.364720344543457
1.2726101875305176
1.2085905075073242
1.3227112293243408
1.2576723098754883
1.3606247901916504
1.3963983058929443
1.2556354999542236
1.373875379562378
1.2307443618774414
1.3298695087432861
1.438904047012329
1.3749775886535645
1.4963605403900146
1.0086305141448975
1.1345200538635254
1.2869877815246582
1.1832435131072998
1.3276798725128174
1.331129789352417
1.3965823650360107
1.2461631298065186
1.2626211643218994
1.1913509368896484
1.4389050006866455
1.2719542980194092
1.4527781009674072
1.3438920974731445
1.3011345863342285
1.2076075077056885
1.578192949295044
1.417562484741211
1.1941101551055908
1.28997802734375
1.4328029155731201
1.5933103561401367
1.3065745830535889
1.2747182846069336
1.3326492309570312
1.482400894165039
1.3189337253570557
1.4194762706756592
1.3958513736724854
1.2810661792755127
1.3517355918884277
1.225128412246704
1.3206565380096436
1.279444932937622
1.276883840560913
1.5434761047363281
1.2269761562347412
1.828794240951538
1.317816972732544
1.422098159790039
1.3150241374969482
2.082040786743164
1.441319227218628
1.2901759147644043
1.2161405086517334
1.3455772399902344
1.3759706020355225
1.3481616973876953
1.9709138870239258
1.2359678745269775
1.3064587116241455
1.0112144947052002
1.3719453811645508
1.2989144325256348
1.3694415092468262
1.3174960613250732
1.2505996227264404
1.2861073017120361
1.763641357421875
1.3037943840026855
1.1800651550292969
1.246603012084961
1.4293222427368164
1.2313618659973145
1.8950691223144531
1.275507926940918
1.3633806705474854
1.4827146530151367
1.2585468292236328
1.2644469738006592
1.717226505279541
1.3009350299835205
1.3387372493743896
1.361288070678711
1.9264755249023438
1.4970340728759766
1.2238194942474365
1.3043627738952637
1.4059669971466064
1.3835160732269287
1.0987823009490967
1.4719054698944092
1.2756562232971191
1.2512671947479248
1.1790287494659424
1.288501262664795
1.3409721851348877
1.1964082717895508
1.264023780822754
1.400144338607788
1.2784206867218018
1.2609350681304932
1.445021629333496
0.9945156574249268
1.3610174655914307
1.223870038986206
1.220414638519287
1.2600281238555908
1.2143008708953857
1.4465973377227783
1.5836687088012695
1.2833251953125
1.3512506484985352
1.3018925189971924
1.2240755558013916
1.543006420135498
1.1950271129608154
1.3206286430358887
1.228593349456787
1.2600533962249756
1.2672908306121826
1.2991523742675781
1.2942125797271729
2.0606958866119385
1.382598876953125
1.68955397605896
1.2554974555969238
1.3039875030517578
1.290600299835205
1.3488187789916992
1.336916208267212
1.3828134536743164
1.4979186058044434
1.3857758045196533
1.1980676651000977
1.2533514499664307
1.4686620235443115
1.2769017219543457
1.6025810241699219
1.3576080799102783
1.3451364040374756
1.2265222072601318
1.0652885437011719
1.4819138050079346
1.281825304031372
1.7942142486572266
1.215306282043457
1.4271464347839355
1.2405550479888916
1.1040129661560059
1.2737512588500977
1.5771269798278809
1.292133092880249
2.050684690475464
1.8624320030212402
1.3851256370544434
1.449589729309082
1.4316558837890625
1.2998578548431396
2.0898942947387695
1.2682743072509766
1.2580015659332275
1.2420098781585693
1.455115795135498
1.7526910305023193
1.4786393642425537
1.433530330657959
1.2925901412963867
1.2850308418273926
1.252408504486084
1.750143051147461
1.4152114391326904
1.2862966060638428
1.4364197254180908
1.492112398147583
1.5067112445831299
1.2918057441711426
1.2993550300598145
1.2709860801696777
1.3504817485809326
1.383786916732788
1.2878470420837402
1.313197374343872
1.5457165241241455
1.4094157218933105
1.1981043815612793
1.3202564716339111
1.2254633903503418
1.2551453113555908
1.4034485816955566
1.6826457977294922
1.571730613708496
1.5000545978546143
1.9146649837493896
1.4450953006744385
1.8101747035980225
1.244006633758545
1.3990731239318848
1.2265393733978271
1.2916369438171387
1.4390270709991455
1.314241647720337
1.2313644886016846
1.4016916751861572
1.379671335220337
1.249110221862793
1.0990564823150635
1.1297171115875244
1.2454416751861572
1.4535536766052246
1.251277208328247
1.7744829654693604
1.4874308109283447
1.3502821922302246
1.5153272151947021
1.4662113189697266
1.3960227966308594
1.5712308883666992
1.3593010902404785
1.2817966938018799
2.3344740867614746
1.1929700374603271
1.2312519550323486
1.2737061977386475
1.4657020568847656
1.2262723445892334
1.2060425281524658
1.855240821838379
1.296562910079956
1.359050989151001
1.2445542812347412
1.4047019481658936
1.1605830192565918
1.2343451976776123
1.5585806369781494
1.4440970420837402
1.4134082794189453
1.3811657428741455
1.4240765571594238
1.4082574844360352
1.42152738571167
1.2233076095581055
1.12782883644104
0.984957218170166
1.3933758735656738
1.366093397140503
2.6046926975250244
1.4472839832305908
1.280543565750122
1.299433708190918
1.336838722229004
1.4097187519073486
1.2114474773406982
1.3352055549621582
1.3069419860839844
1.2931594848632812
2.3644862174987793
1.3130290508270264
1.2534713745117188
1.2162330150604248
1.342231035232544
1.2428929805755615
1.3305180072784424
1.2339894771575928
1.3275394439697266
1.074760913848877
1.2156450748443604
2.1045010089874268
1.3079719543457031
1.3908255100250244
1.4174017906188965
1.189915418624878
1.2538731098175049
1.2067499160766602
1.3191068172454834
1.282182216644287
1.734886884689331
1.2970595359802246
1.7887718677520752
1.2795038223266602
1.3270137310028076
1.2729287147521973
1.674058437347412
1.2952041625976562
1.1709041595458984
1.3119909763336182
1.2407793998718262
1.5102522373199463
1.2519853115081787
1.0949041843414307
1.2623913288116455
1.2433743476867676
1.5126142501831055
1.2461130619049072
1.3528130054473877
1.259594440460205
1.3125970363616943
1.3529486656188965
1.8466105461120605
1.2722015380859375
1.3113377094268799
1.3044378757476807
1.3171277046203613
1.0986790657043457
2.3605682849884033
1.2869889736175537
1.170597791671753
1.1946096420288086
1.2857511043548584
1.2884297370910645
1.516390323638916
1.4860894680023193
1.386526346206665
1.4590895175933838
1.4363751411437988
1.3209009170532227
1.249720811843872
1.2503211498260498
2.030350923538208
1.2998130321502686
1.576491355895996
1.5195693969726562
1.3096067905426025
1.3193011283874512
1.245589017868042
1.1300568580627441
2.0993940830230713
1.1960718631744385
1.255246639251709
1.4279751777648926
1.376159906387329
1.2503371238708496
2.410342216491699
1.259953498840332
1.268728494644165
1.370927095413208
1.243201494216919
1.2761342525482178
1.4365286827087402
1.31752610206604
1.218672513961792
1.284825086593628
1.2374787330627441
1.4987657070159912
1.2775623798370361
1.255957841873169
1.3990790843963623
1.7396159172058105
1.9300103187561035
1.2814762592315674
1.2750003337860107
1.5245871543884277
1.3207883834838867
1.4604017734527588
1.264327049255371
1.2945053577423096
1.8407952785491943
1.281374454498291
1.8949251174926758
1.4920353889465332
1.4436066150665283
1.5269832611083984
1.2643961906433105
1.2303543090820312
1.832141637802124
1.353445053100586
1.3778729438781738
1.1841447353363037
1.2610127925872803
1.416130781173706
1.3806028366088867
1.3147504329681396
1.3076632022857666
1.1840739250183105
1.2446880340576172
1.3132011890411377
1.1416213512420654
1.4309346675872803
1.2806951999664307
1.3540656566619873
1.0710093975067139
1.2617835998535156
1.2932929992675781
1.4985370635986328
1.6195189952850342
1.8704121112823486
1.2656774520874023
1.182981252670288
1.255727767944336
1.0840532779693604
1.330782413482666
1.5121748447418213
1.3769721984863281
1.2367055416107178
1.2118399143218994
1.1764390468597412
1.591003179550171
1.316432237625122
2.414503812789917
1.244563341140747
1.2514610290527344
1.2267143726348877
1.256967544555664
1.6161375045776367
1.3058650493621826
1.433279037475586
1.214289665222168
1.1840097904205322
1.2585875988006592
1.4647018909454346
1.2663676738739014
1.1999850273132324
1.4977836608886719
1.3534739017486572
1.3184683322906494
1.3726599216461182
1.20068359375
1.9318299293518066
1.256432056427002
1.2361259460449219
1.4031774997711182
1.2308263778686523
1.2191452980041504
1.2415785789489746
1.6352167129516602
1.3707232475280762
1.2869956493377686
1.382559061050415
1.2447614669799805
1.3291089534759521
1.2284247875213623
1.2312557697296143
1.379605770111084
1.2569165229797363
1.4817931652069092
2.155261993408203
1.575798511505127
1.9164819717407227
1.235285758972168
1.3397572040557861
1.7051758766174316
1.3500723838806152
1.3350803852081299
1.280566930770874
1.3464925289154053
1.363295316696167
1.2539691925048828
1.207566261291504
1.3808317184448242
1.730661153793335
1.2627484798431396
1.2905712127685547
1.3786077499389648
1.261502981185913
1.3028903007507324
1.3090324401855469
1.264094352722168
1.5236663818359375
1.5697252750396729
1.271468162536621
1.4030921459197998
1.2062227725982666
1.3580987453460693
1.199537992477417
1.5545916557312012
1.5966036319732666
1.2623445987701416
1.3344550132751465
1.35892653465271
1.3055098056793213
1.2241623401641846
1.4367303848266602
1.5864970684051514
1.4451379776000977
1.2731363773345947
1.2679412364959717
1.256082534790039
1.2737467288970947
1.287402629852295
1.3615789413452148
1.4668200016021729
1.301875114440918
1.2751870155334473
1.3006749153137207
1.2576568126678467
1.2881290912628174
1.2115731239318848
1.0018386840820312
1.258549451828003
1.171682596206665
1.2146234512329102
1.3513414859771729
1.3786625862121582
1.3105475902557373
1.212529182434082
1.198850154876709
1.4152705669403076
1.4718692302703857
1.4629194736480713
1.6069414615631104
1.2659814357757568
1.3145105838775635
1.522594928741455
1.2313041687011719
1.3102905750274658
1.3216805458068848
1.5006382465362549
1.1151084899902344
1.350964069366455
1.4462859630584717
1.2571206092834473
1.3576557636260986
1.2802269458770752
1.594710111618042
1.211686372756958
1.2869009971618652
1.3776991367340088
1.3584916591644287
1.3620588779449463
1.4305529594421387
1.3881428241729736
1.2029120922088623
1.2967140674591064
1.5693681240081787
1.2745485305786133
1.1813039779663086
2.069887161254883
1.2199513912200928
1.207362174987793
1.3466768264770508
1.5502982139587402
1.5565791130065918
1.6082422733306885
2.6552064418792725
1.1790335178375244
1.2599358558654785
1.9103238582611084
1.207287073135376
1.228100299835205
1.2156894207000732
1.5195133686065674
1.1441373825073242
1.3690993785858154
1.320063591003418
1.4862992763519287
1.2298178672790527
1.0856988430023193
1.6695125102996826
1.245344638824463
1.252861738204956
1.2431252002716064
1.2578282356262207
1.3738718032836914
1.4268240928649902
1.3953478336334229
1.2832303047180176
1.2615163326263428
1.2595744132995605
1.7233409881591797
1.281750202178955
1.1897895336151123
1.3216254711151123
1.2924163341522217
1.3600640296936035
1.4125938415527344
1.4889543056488037
1.3312301635742188
1.3214185237884521
1.3169512748718262
1.3195266723632812
1.3512327671051025
1.3315987586975098
1.1816341876983643
1.2225492000579834
1.2139995098114014
1.7225298881530762
1.6699237823486328
1.7542059421539307
1.2811992168426514
1.2659406661987305
1.3152244091033936
1.3171207904815674
1.6404509544372559
1.2854070663452148
1.4943597316741943
1.744058609008789
1.1440186500549316
2.0967841148376465
1.3551974296569824
1.0428085327148438
1.6913399696350098
1.3343393802642822
1.2229130268096924
1.258256196975708
1.2364614009857178
1.780102252960205
1.8488128185272217
1.136547327041626
1.4627137184143066
1.3464558124542236
1.2796742916107178
1.268158197402954
1.7254159450531006
1.2386465072631836
1.4515864849090576
1.43048095703125
1.2245805263519287
1.2156734466552734
1.3867082595825195
1.3289391994476318
1.3456566333770752
1.502107858657837
1.278601884841919
1.2730069160461426
2.0961146354675293
2.1604273319244385
1.3265125751495361
1.5131950378417969
1.4470527172088623
1.2923762798309326
1.1322181224822998
1.2237694263458252
1.1717288494110107
1.2287919521331787
1.2290995121002197
1.1965370178222656
1.2855148315429688
1.1909489631652832
1.3262534141540527
1.2062816619873047
1.2504441738128662
1.2896177768707275
1.4493563175201416
1.4492213726043701
1.3530642986297607
1.4721622467041016
1.2714006900787354
1.3031280040740967
1.383094310760498
1.2750308513641357
1.422703504562378
1.5529851913452148
1.2648651599884033
1.3654143810272217
1.2654402256011963
1.4316821098327637
1.455101728439331
1.273444414138794
1.2956674098968506
1.2838325500488281
1.4048049449920654
1.2032272815704346
1.2684540748596191
1.7245051860809326
1.7703490257263184
1.3357129096984863
1.2490506172180176
1.28556227684021
1.355644941329956
1.4096477031707764
1.4652557373046875
1.7190825939178467
1.0278780460357666
1.4215672016143799
1.2945797443389893
1.2134130001068115
1.2691071033477783
1.3028910160064697
1.3258600234985352
1.2301757335662842
1.290006160736084
1.2582600116729736
1.216068983078003
1.2544686794281006
1.4799776077270508
1.276447057723999
1.312845230102539
1.275789737701416
1.2215487957000732
1.1139187812805176
1.7319908142089844
1.4236178398132324
1.3509581089019775
1.5299382209777832
1.2273826599121094
1.4447276592254639
1.218101978302002
1.553311824798584
1.2914140224456787
1.8783643245697021
1.6101329326629639
1.2818942070007324
1.7213525772094727
1.3951077461242676
1.9430572986602783
1.300060510635376
1.2725934982299805
1.2083489894866943
1.1951842308044434
1.3114383220672607
1.5385985374450684
