2.9890875816345215
3.057363271713257
2.620964765548706
3.167452096939087
3.0075087547302246
2.9315202236175537
2.9096102714538574
3.0206525325775146
3.330216884613037
3.1772823333740234
3.1405956745147705
3.271592378616333
3.3871524333953857
3.1198346614837646
3.238769292831421
3.152864933013916
3.568350315093994
3.671510696411133
2.987825393676758
3.2649693489074707
3.067514181137085
3.7017574310302734
3.204246997833252
3.4478228092193604
3.5360379219055176
3.3784940242767334
3.053428888320923
3.181119203567505
2.6406822204589844
2.950941324234009
3.561901092529297
3.2166526317596436
3.6370623111724854
3.2934646606445312
3.1067590713500977
3.1181747913360596
3.470848560333252
3.180506944656372
3.257883071899414
3.403535842895508
3.488927125930786
3.094533681869507
3.28253436088562
3.1344330310821533
3.6876862049102783
3.3642165660858154
3.032055616378784
3.2820661067962646
3.622140645980835
2.878570795059204
2.7363698482513428
2.7938501834869385
3.373898506164551
2.943563938140869
3.4071452617645264
3.328699827194214
2.778947114944458
3.244135618209839
3.688161849975586
3.2281038761138916
3.0038576126098633
2.9307398796081543
3.404029130935669
2.883064031600952
3.5114729404449463
2.8220341205596924
3.5824854373931885
3.0630035400390625
2.741755485534668
3.6592960357666016
3.503721237182617
2.936748743057251
3.2440977096557617
3.4321913719177246
2.9236416816711426
3.163041114807129
3.3667125701904297
3.146845579147339
3.07677960395813
3.0690815448760986
3.0281946659088135
3.113154172897339
3.11840558052063
2.743330240249634
2.5204997062683105
3.2391695976257324
3.4305312633514404
3.144421339035034
3.279231071472168
3.187605857849121
2.924733877182007
2.9911999702453613
3.2360270023345947
3.0179710388183594
3.0148675441741943
3.3070783615112305
3.445056438446045
2.683027744293213
3.28165340423584
2.9615113735198975
3.2945914268493652
3.115457057952881
2.5951719284057617
2.9777095317840576
3.1132454872131348
2.758977174758911
3.292205333709717
3.047907829284668
3.6524462699890137
3.457036018371582
3.0309109687805176
2.7978696823120117
2.811899423599243
2.94026780128479
2.9388492107391357
2.921231269836426
3.0494132041931152
3.086970090866089
3.0443484783172607
3.213961124420166
3.193025827407837
3.2254106998443604
2.757230281829834
3.123506784439087
3.01318359375
3.2329447269439697
2.9597079753875732
2.9778730869293213
2.541227102279663
2.934485673904419
3.475294351577759
3.0580008029937744
2.434316396713257
2.4195635318756104
3.6050310134887695
3.2223899364471436
3.138287305831909
3.385307788848877
3.600949287414551
2.7860336303710938
2.9379122257232666
2.7956271171569824
3.056185007095337
3.160881519317627
2.9902706146240234
3.236814260482788
3.0191712379455566
3.1064791679382324
2.379800796508789
2.557028293609619
3.3214573860168457
3.103170156478882
3.020461320877075
3.0147721767425537
3.131324529647827
3.102539300918579
2.8113632202148438
2.9008333683013916
3.419168710708618
3.2951605319976807
3.2624778747558594
2.9713306427001953
2.7966227531433105
2.5148684978485107
3.162308931350708
2.972587823867798
2.61269211769104
3.023145914077759
2.5747268199920654
3.315889835357666
2.602989435195923
3.0388295650482178
3.2891862392425537
2.800022602081299
3.157526969909668
3.0219314098358154
3.072187900543213
3.283595323562622
2.9136035442352295
3.0314695835113525
3.1408801078796387
2.553173303604126
3.1735167503356934
2.972928524017334
2.6409413814544678
2.611691474914551
2.6437394618988037
2.3989062309265137
2.854915142059326
3.3156018257141113
2.6600186824798584
3.083190679550171
2.470862865447998
3.131728410720825
3.1134445667266846
2.972405433654785
3.078049659729004
2.839658498764038
3.4114885330200195
2.8588294982910156
3.0379745960235596
3.1257450580596924
2.890662670135498
2.9202980995178223
2.6944828033447266
3.152944803237915
2.87624192237854
2.4825363159179688
2.6554667949676514
2.9413530826568604
2.940507411956787
3.1362991333007812
3.382720708847046
2.8995869159698486
3.5734407901763916
3.962693214416504
2.8929412364959717
2.8615472316741943
2.732783079147339
3.112208127975464
2.643216848373413
2.9601731300354004
2.5937936305999756
2.402583360671997
3.352348804473877
2.4381842613220215
2.9398305416107178
2.6422111988067627
2.9152204990386963
3.148562431335449
2.6220662593841553
3.1916096210479736
2.5979132652282715
2.433100700378418
3.199446678161621
2.7420830726623535
2.529778003692627
2.502779722213745
3.0806260108947754
2.7406792640686035
2.543206214904785
2.6208596229553223
2.520108699798584
2.9938058853149414
2.8132147789001465
3.1818203926086426
3.019195556640625
3.328944206237793
2.557961940765381
3.141279935836792
2.6171653270721436
2.9361584186553955
2.552584648132324
2.9011425971984863
3.6718387603759766
3.1952807903289795
2.679386615753174
2.7998452186584473
3.094850540161133
3.253251552581787
2.442866802215576
2.521106481552124
3.055537223815918
2.4752933979034424
2.9199206829071045
2.9353883266448975
2.552335739135742
2.6772024631500244
2.9365105628967285
2.9233052730560303
2.5009267330169678
2.4562602043151855
3.3896610736846924
3.3842010498046875
3.410618305206299
2.621048927307129
3.0041825771331787
2.4024665355682373
2.6115450859069824
3.052104949951172
2.960329055786133
2.955801486968994
2.6100165843963623
2.9543368816375732
2.4774668216705322
2.661567449569702
2.4952828884124756
3.252513885498047
2.931365728378296
2.680957555770874
3.0914885997772217
2.9129483699798584
3.0202558040618896
3.077756881713867
2.8176443576812744
3.01412034034729
2.578359603881836
3.0143067836761475
3.050199270248413
3.7571067810058594
2.5631260871887207
3.642639636993408
2.874288320541382
3.2557406425476074
2.852536678314209
2.0576319694519043
2.476792097091675
2.959270477294922
2.934389591217041
3.188903570175171
2.5945794582366943
3.1258583068847656
3.258824110031128
3.1806135177612305
2.478275775909424
3.014209270477295
3.0541915893554688
2.4612014293670654
2.757192373275757
3.8610432147979736
2.553797960281372
2.9837703704833984
2.7976224422454834
2.6327903270721436
3.035086154937744
2.559535264968872
2.872899293899536
2.317603349685669
3.831602096557617
2.993032932281494
2.95511531829834
2.6151123046875
2.8721683025360107
3.511716842651367
2.6395387649536133
3.1394989490509033
3.583786964416504
2.499730110168457
2.971031427383423
3.119581699371338
3.3305721282958984
2.4968008995056152
3.099358320236206
2.550150156021118
3.3761956691741943
2.4140655994415283
3.0782628059387207
2.9124152660369873
3.0218820571899414
3.0594050884246826
2.880610466003418
3.3533079624176025
2.8395278453826904
3.1331839561462402
2.558054208755493
2.537975311279297
2.5013864040374756
3.174844264984131
2.561634063720703
3.47314715385437
2.8332462310791016
2.6361582279205322
2.65401029586792
2.701451539993286
2.283464193344116
2.518897533416748
2.957740306854248
2.5163426399230957
2.675178050994873
2.512084484100342
2.9264984130859375
3.2360329627990723
2.914909601211548
3.120087146759033
2.7730612754821777
2.537062644958496
3.0208499431610107
2.868922472000122
3.052474021911621
2.6500279903411865
3.241091012954712
2.3949742317199707
3.05057430267334
2.5746264457702637
2.7757129669189453
3.38364577293396
3.19372296333313
2.91770076751709
3.2075650691986084
3.2422635555267334
2.5391359329223633
2.9170608520507812
2.515719175338745
2.6939022541046143
3.6758368015289307
2.5404696464538574
2.5590786933898926
3.041294813156128
2.615036964416504
2.8947784900665283
2.8404483795166016
2.97295880317688
2.4767279624938965
2.5583600997924805
2.5934648513793945
3.152132272720337
2.4722979068756104
2.6212871074676514
2.597491979598999
3.129969358444214
2.939875364303589
2.8607747554779053
2.5749351978302
3.2755484580993652
2.3948330879211426
3.225762367248535
2.8182709217071533
3.2263264656066895
3.540107488632202
2.5604138374328613
3.0993783473968506
3.1963770389556885
2.596548318862915
2.658277988433838
2.457843780517578
3.4653310775756836
2.5766425132751465
2.7981772422790527
2.6417529582977295
2.871385097503662
2.4970474243164062
2.5378944873809814
3.266415596008301
2.51743483543396
3.377058506011963
2.59867000579834
3.2662978172302246
2.6222500801086426
3.1160733699798584
2.440509557723999
2.6919939517974854
2.379011392593384
2.9358444213867188
2.611501693725586
2.7816226482391357
2.5381650924682617
2.6950507164001465
3.4373257160186768
3.110374927520752
3.4190011024475098
3.483663558959961
3.4391376972198486
2.4369046688079834
2.460026502609253
2.475248336791992
2.541797161102295
3.327054262161255
2.599628448486328
3.149352788925171
2.6750166416168213
2.5904786586761475
2.5789692401885986
2.5932981967926025
2.615525722503662
3.4802327156066895
3.060397148132324
3.0127458572387695
2.432901382446289
2.5360524654388428
2.5198631286621094
2.720719814300537
2.9755029678344727
3.172229528427124
2.4813954830169678
3.2703850269317627
3.5203349590301514
3.5118846893310547
2.9728407859802246
2.537262201309204
3.4442386627197266
2.5805835723876953
3.154808759689331
3.098816394805908
2.060542345046997
2.51786470413208
3.4187142848968506
2.4826977252960205
2.7006120681762695
2.710421085357666
2.594324827194214
3.2362849712371826
2.8540263175964355
2.5353915691375732
2.5948638916015625
2.5216939449310303
2.531987190246582
3.07550048828125
2.4965484142303467
3.1571736335754395
2.6622679233551025
2.5035042762756348
2.5638234615325928
2.6602513790130615
2.781569242477417
2.959566116333008
3.1299846172332764
2.6572067737579346
2.5726802349090576
2.6741437911987305
2.941237688064575
3.3605527877807617
2.885100841522217
2.3338778018951416
3.1570067405700684
2.584005117416382
2.6736793518066406
2.5831820964813232
2.8144583702087402
2.7782986164093018
2.5556700229644775
3.346121311187744
2.603888511657715
2.7926077842712402
2.459322690963745
2.4443001747131348
2.5944716930389404
3.0221750736236572
2.537503242492676
3.4526689052581787
2.478602170944214
2.9229674339294434
2.5014853477478027
2.4574027061462402
3.0741024017333984
2.3227598667144775
2.754791259765625
3.2748260498046875
2.9848456382751465
2.856670618057251
3.3853423595428467
2.5805094242095947
2.843632936477661
2.6932995319366455
2.900043249130249
3.2747883796691895
2.635619878768921
3.166621685028076
3.3774077892303467
3.1569724082946777
2.5929818153381348
2.964954376220703
2.661954164505005
2.580223798751831
2.6445908546447754
2.5336947441101074
2.4424664974212646
2.572503089904785
3.753258228302002
3.2901017665863037
2.5365238189697266
2.9774529933929443
3.14046049118042
3.4767754077911377
2.562534809112549
2.8958330154418945
2.2712385654449463
2.5355052947998047
2.5841927528381348
2.496034622192383
3.299436569213867
2.4518020153045654
2.5721232891082764
3.6378695964813232
2.8794023990631104
2.9383645057678223
2.480863332748413
2.915735960006714
2.6579887866973877
3.501739263534546
2.5005531311035156
2.4984796047210693
3.637289524078369
3.026552677154541
3.2529478073120117
2.6210455894470215
3.154081344604492
2.5553507804870605
3.037619113922119
2.9518041610717773
2.276061534881592
3.0788114070892334
2.4393999576568604
2.57963490486145
2.974270820617676
2.556560754776001
2.5729663372039795
2.9401803016662598
2.5923004150390625
2.614790439605713
2.6389970779418945
3.2766873836517334
2.6360297203063965
2.6338772773742676
3.7575106620788574
2.8929452896118164
2.8744544982910156
2.5844597816467285
2.5525217056274414
2.8143858909606934
2.637122631072998
2.717758893966675
2.7754127979278564
3.5948073863983154
2.961770534515381
3.3146941661834717
2.9201886653900146
3.035301923751831
2.499370813369751
3.1350934505462646
3.4787216186523438
2.5994584560394287
3.2127721309661865
2.853182554244995
3.2159831523895264
3.0809669494628906
2.756258249282837
2.8585286140441895
2.7141494750976562
2.616455316543579
2.7476441860198975
2.523606538772583
2.5523157119750977
2.9158411026000977
2.9837646484375
3.010838270187378
2.461930274963379
2.9415946006774902
2.675200939178467
2.793381452560425
2.6133265495300293
3.2691519260406494
3.29309344291687
2.5531134605407715
3.2328362464904785
2.8502936363220215
3.4780290126800537
2.4504573345184326
3.314443349838257
2.473708391189575
2.537677764892578
2.6471292972564697
2.5973246097564697
3.5808207988739014
2.6744420528411865
2.916442394256592
2.8998563289642334
2.5809617042541504
3.2179081439971924
3.1175334453582764
3.4574553966522217
2.477717876434326
2.5612833499908447
2.4795186519622803
2.5173439979553223
2.5809576511383057
2.5573432445526123
2.5389180183410645
3.3209383487701416
3.2745721340179443
2.4777612686157227
2.494901180267334
2.9812705516815186
2.9710421562194824
2.5349886417388916
2.8909690380096436
3.353229284286499
3.396700382232666
3.5135397911071777
3.2033960819244385
2.496272325515747
2.620088815689087
2.555353879928589
2.5697591304779053
2.393173933029175
2.534794807434082
3.30601167678833
2.777508497238159
2.4730029106140137
3.1176512241363525
2.521599054336548
2.923485517501831
3.272742986679077
2.4630417823791504
2.6431007385253906
3.1288363933563232
2.518923282623291
2.535468339920044
2.5762851238250732
2.616511821746826
2.5226588249206543
3.0211994647979736
3.040121078491211
2.4825358390808105
3.1679277420043945
2.8813741207122803
2.501703977584839
2.5142908096313477
2.818241834640503
2.4792428016662598
3.5859475135803223
2.362654447555542
3.562277317047119
2.4998574256896973
2.541280746459961
3.1903765201568604
2.4897408485412598
2.8430981636047363
2.6948819160461426
2.978287935256958
2.6766765117645264
2.556509494781494
2.9381015300750732
3.0220448970794678
2.9525930881500244
2.9502177238464355
2.9930484294891357
3.7936813831329346
3.4282026290893555
2.5205183029174805
2.536343574523926
2.699594020843506
2.960768461227417
3.1059296131134033
2.696194887161255
2.911344051361084
3.111250162124634
2.809358596801758
3.542156219482422
2.5943896770477295
2.7497305870056152
2.460987091064453
2.723344564437866
2.9534785747528076
3.0136985778808594
3.359062433242798
2.5388851165771484
2.6597132682800293
2.5190517902374268
2.5957493782043457
2.994154930114746
2.610704183578491
2.532907724380493
3.8555471897125244
2.75742244720459
2.613884925842285
3.037029504776001
2.5213658809661865
3.1393303871154785
2.6830379962921143
3.0218617916107178
2.5581185817718506
2.596022844314575
2.5537843704223633
2.3822429180145264
2.558964252471924
3.8202030658721924
2.9907569885253906
2.5602312088012695
2.4955930709838867
2.582608461380005
2.6442222595214844
2.6199045181274414
2.804072141647339
3.482252597808838
3.016523599624634
2.577988862991333
2.6940698623657227
2.699354887008667
3.0149829387664795
2.865203619003296
2.821737289428711
2.567871570587158
3.505509614944458
2.6559395790100098
3.502934694290161
2.5363776683807373
3.016972541809082
2.5947890281677246
2.8977210521698
2.4831714630126953
2.711812973022461
2.7622315883636475
2.62121319770813
3.172475814819336
2.5385642051696777
2.9320743083953857
3.191096067428589
2.47271466255188
3.1609840393066406
2.6150505542755127
2.677525043487549
2.6213245391845703
2.461904764175415
3.3875107765197754
3.3741724491119385
2.5145277976989746
2.5835866928100586
2.556105136871338
2.7603542804718018
2.517897129058838
2.694082021713257
2.572495937347412
2.5555880069732666
2.534226894378662
3.4214742183685303
3.836669445037842
3.3723537921905518
3.1007308959960938
2.8978025913238525
2.5387258529663086
3.6927545070648193
2.6394059658050537
2.996613025665283
2.998049736022949
2.503167152404785
2.7384347915649414
2.517561674118042
2.3366940021514893
2.971571922302246
2.739743947982788
3.787125825881958
3.047240972518921
3.0602095127105713
4.221224546432495
3.526071310043335
2.5951108932495117
3.3760011196136475
2.536807060241699
3.3782968521118164
2.8612799644470215
2.63499116897583
2.517771005630493
3.1541056632995605
2.4177684783935547
3.2495169639587402
2.4765384197235107
2.6046926975250244
2.679893970489502
2.655254364013672
2.922348976135254
2.6187963485717773
3.0012683868408203
2.695599317550659
3.051386594772339
2.538677215576172
3.1618101596832275
3.7095344066619873
2.5960137844085693
2.5774643421173096
2.4940202236175537
2.592446804046631
2.5130324363708496
2.7468626499176025
2.6007466316223145
3.168226957321167
2.5927248001098633
3.4753756523132324
2.859683036804199
2.520076274871826
2.481842041015625
2.5534298419952393
2.4389729499816895
2.4906342029571533
3.1156182289123535
2.573314905166626
2.657325267791748
2.6194427013397217
3.2328391075134277
3.1329433917999268
2.911414384841919
2.954397201538086
2.671428680419922
3.3375837802886963
2.559373140335083
2.5778255462646484
2.541825294494629
2.633805990219116
2.498906135559082
3.112419366836548
3.075563669204712
2.856088638305664
2.6057424545288086
3.5987625122070312
2.591381072998047
2.6152656078338623
3.1304917335510254
2.573000907897949
2.541414976119995
2.52152419090271
2.5152297019958496
2.6397063732147217
2.562288761138916
2.8362603187561035
2.6028525829315186
3.1042959690093994
3.3166663646698
2.5401721000671387
2.9160895347595215
2.5370638370513916
2.703772783279419
2.6157994270324707
2.474698066711426
3.077731132507324
3.305166721343994
2.589867115020752
2.6365890502929688
2.744248151779175
2.519183397293091
2.613158702850342
2.438389301300049
2.5790114402770996
2.676198720932007
2.5613322257995605
2.7947099208831787
2.673741340637207
2.653245687484741
2.592878580093384
3.5349535942077637
2.62251877784729
3.7028589248657227
3.7019619941711426
3.2917990684509277
3.094797372817993
2.616286277770996
2.5521488189697266
2.5113449096679688
3.289738893508911
3.0962159633636475
2.4775302410125732
2.560166358947754
2.8934714794158936
3.179663896560669
2.522709846496582
2.9090142250061035
2.931666374206543
2.646024227142334
3.2378926277160645
2.5189943313598633
3.2521021366119385
3.0617716312408447
2.7975127696990967
2.6614131927490234
2.5981030464172363
2.9998674392700195
2.9354019165039062
3.1467630863189697
3.043065309524536
2.512667655944824
3.0913398265838623
3.193507194519043
3.0236542224884033
2.517367362976074
2.862844228744507
4.309244871139526
2.785311222076416
2.5768580436706543
2.7231509685516357
2.4324707984924316
3.523390054702759
2.928514003753662
2.682387590408325
2.9402716159820557
2.592055320739746
2.4576690196990967
2.4971179962158203
2.7305150032043457
2.474010467529297
2.7990849018096924
2.5143237113952637
2.731783866882324
3.859041452407837
2.4984731674194336
2.5341637134552
3.098789930343628
3.142476797103882
3.1792221069335938
2.6349358558654785
3.0680887699127197
2.521575450897217
2.4963185787200928
2.985163927078247
3.321859121322632
2.5754289627075195
2.4337148666381836
3.154189109802246
2.4299023151397705
3.4702863693237305
2.459390640258789
3.1850149631500244
2.9021944999694824
2.9191110134124756
3.1264488697052
2.5317540168762207
2.9612903594970703
2.463285207748413
2.8575332164764404
2.5727479457855225
3.0252742767333984
2.6159040927886963
2.5972509384155273
