6.364368677139282
6.237779855728149
6.377744197845459
6.517163515090942
6.238632917404175
6.5655388832092285
6.439140558242798
6.638880729675293
6.479405641555786
6.296771049499512
6.519945859909058
6.416695833206177
6.399393558502197
6.3017497062683105
5.878676176071167
6.635898113250732
6.3814496994018555
6.181829452514648
6.520858526229858
6.658279180526733
6.4608142375946045
6.580782890319824
6.638356924057007
6.63907527923584
6.416635274887085
6.846381187438965
6.463473320007324
6.51779842376709
6.6977012157440186
6.498515844345093
6.318459749221802
5.676738500595093
6.678578853607178
6.775308847427368
5.515726089477539
5.8488476276397705
6.723211765289307
6.6251795291900635
6.179287433624268
9.315582752227783
6.520300388336182
6.216167688369751
7.516429662704468
7.018851280212402
5.563656330108643
9.540130376815796
5.794518709182739
6.323922157287598
6.445086717605591
6.895513534545898
5.918623924255371
6.760132312774658
6.580794811248779
6.39348840713501
6.578257322311401
9.48556399345398
12.683618783950806
12.699347496032715
6.597316026687622
6.8877272605896
6.23286509513855
11.279120683670044
6.242712497711182
6.499049425125122
6.364616394042969
7.740505218505859
6.436679363250732
6.436497688293457
14.52081561088562
5.9005348682403564
13.215616941452026
6.484375476837158
14.684976577758789
14.758740186691284
6.667251110076904
6.778489589691162
5.73968768119812
6.839032411575317
7.032696723937988
16.720717906951904
15.987514019012451
7.882183790206909
15.922353982925415
6.217416763305664
16.762242078781128
9.436859130859375
6.088539123535156
8.141988515853882
5.757077217102051
11.060659170150757
5.737178325653076
5.799600601196289
6.241732358932495
6.655975103378296
6.232010126113892
6.39141321182251
6.379609107971191
5.597223520278931
6.171774387359619
12.89514684677124
6.195009469985962
5.560466527938843
6.560120344161987
6.837812423706055
6.4143030643463135
6.160311698913574
5.348816633224487
5.719862699508667
6.416045188903809
7.158607721328735
12.876597881317139
6.70898962020874
7.48656439781189
6.227407217025757
7.469905853271484
6.499603509902954
6.42552638053894
5.396465539932251
6.434683561325073
6.570428848266602
6.450261354446411
6.592402219772339
5.576906681060791
10.459871292114258
14.580057859420776
6.418134927749634
6.665302991867065
14.91670298576355
6.275664329528809
6.991920709609985
6.5025153160095215
6.575584650039673
6.783661365509033
6.3978354930877686
7.127195358276367
6.289823770523071
6.643030405044556
6.474309682846069
6.843243598937988
6.3365349769592285
6.660181045532227
6.29462194442749
6.3703694343566895
6.2695512771606445
6.619295597076416
6.326656103134155
6.547104358673096
5.777579307556152
6.095395565032959
7.321768045425415
6.970324754714966
16.766486883163452
6.367539882659912
6.2587244510650635
9.87535548210144
6.329451084136963
7.7593748569488525
12.138854026794434
6.279322624206543
6.15798807144165
6.159801244735718
6.618898391723633
6.274526834487915
7.575978994369507
6.635556697845459
6.319074869155884
5.673570156097412
6.209962368011475
6.434561491012573
6.383356332778931
6.359837770462036
6.232093095779419
6.518502473831177
6.480635166168213
7.297521114349365
6.915656805038452
7.363221883773804
9.485986232757568
6.3035056591033936
5.760780572891235
6.884860038757324
6.612192630767822
6.439699172973633
6.3534088134765625
6.524864912033081
6.724820375442505
6.480988025665283
6.608911752700806
5.839998006820679
6.496197938919067
6.546630144119263
6.416601896286011
6.5041375160217285
8.640552759170532
6.6772074699401855
5.948838949203491
6.582884073257446
6.492832899093628
6.461987257003784
6.572817325592041
6.73354959487915
6.519812345504761
6.809397220611572
6.8271331787109375
6.823128700256348
6.421387672424316
6.428452253341675
6.188435316085815
6.420743227005005
6.198637247085571
12.699983835220337
6.562406301498413
6.415663719177246
6.519101858139038
7.3021018505096436
11.856664896011353
7.128404140472412
6.639930725097656
6.280869960784912
6.530754089355469
6.345268487930298
6.320293664932251
5.558049917221069
5.720478773117065
6.581072092056274
6.575892448425293
6.399786472320557
6.689443349838257
8.83752703666687
5.557579278945923
6.8214967250823975
5.621818780899048
6.755833864212036
5.579951047897339
6.386733770370483
6.16889500617981
6.851176023483276
6.58172082901001
6.54168438911438
5.79246187210083
6.448299884796143
6.346950054168701
6.984680414199829
8.136797666549683
6.680778503417969
6.443369388580322
6.575190305709839
5.984983921051025
6.715943098068237
6.692661762237549
6.848823308944702
6.962058782577515
6.658811092376709
6.168517351150513
5.879049301147461
8.761198997497559
6.417187929153442
7.418987512588501
6.378063440322876
5.899412631988525
5.888375282287598
6.3223700523376465
6.563422441482544
5.661696195602417
6.648269891738892
6.570514440536499
6.494395971298218
6.316069602966309
17.626688241958618
6.542564630508423
6.467054843902588
12.062320709228516
6.2781641483306885
6.643311262130737
6.749650955200195
6.877017021179199
9.664491415023804
13.420602560043335
6.6134984493255615
7.126350402832031
6.328322172164917
6.607107639312744
6.494292497634888
6.419901371002197
6.653810262680054
6.400034189224243
6.430791139602661
6.62737774848938
6.803744077682495
7.119985818862915
6.937753200531006
6.680891990661621
6.625268459320068
7.39958381652832
6.539616346359253
6.596369981765747
6.135918378829956
6.429729461669922
11.901400566101074
5.879615068435669
6.621838569641113
6.0129148960113525
6.6683878898620605
7.544823169708252
6.440063238143921
6.822117805480957
6.820772171020508
5.776035785675049
6.300898551940918
7.182009696960449
8.071628093719482
6.829845428466797
6.605393886566162
6.45135760307312
6.468098163604736
5.766396999359131
5.5711915493011475
9.722983121871948
6.868783473968506
6.598100423812866
6.1962432861328125
6.972508907318115
6.535126209259033
6.580738544464111
10.099445104598999
6.131032943725586
6.84739351272583
9.079280376434326
6.479375839233398
6.601057052612305
14.779526948928833
6.457251071929932
6.500119924545288
9.848429441452026
7.222551107406616
6.295899868011475
7.2981085777282715
6.405847787857056
