0.9357337951660156
0.9369242191314697
0.9335191249847412
1.199493408203125
1.1186203956604004
1.1914212703704834
1.1201128959655762
1.1169941425323486
1.1036920547485352
1.2692289352416992
1.1284735202789307
1.3115885257720947
0.9679684638977051
1.3846800327301025
0.9008591175079346
1.106860637664795
0.9242587089538574
1.1835722923278809
1.2463514804840088
0.9391863346099854
1.247727632522583
0.911630392074585
0.9440724849700928
1.1072626113891602
1.2980072498321533
1.5006046295166016
0.9137101173400879
0.9099771976470947
1.069551944732666
1.278916835784912
0.906435489654541
0.982039213180542
0.9701528549194336
0.9294834136962891
1.6721255779266357
1.2133500576019287
0.8995177745819092
1.543910264968872
1.2621855735778809
0.9372060298919678
1.1937172412872314
1.4264540672302246
1.3203001022338867
1.2564635276794434
1.3350651264190674
0.9677135944366455
0.9021482467651367
0.9003641605377197
0.9561469554901123
0.9444653987884521
1.2560162544250488
1.047788143157959
1.0571074485778809
1.2643649578094482
1.384608507156372
0.9782867431640625
0.9027187824249268
0.8978612422943115
0.958735466003418
1.1929125785827637
0.9400620460510254
1.635019063949585
1.418778419494629
0.9848580360412598
0.9505202770233154
0.9608778953552246
0.9173576831817627
0.9751114845275879
1.3894591331481934
0.919924259185791
1.5760385990142822
0.9012818336486816
1.419586181640625
0.8822581768035889
1.4002702236175537
0.9754979610443115
0.9826045036315918
1.1759514808654785
1.6239373683929443
0.8986110687255859
0.9622311592102051
1.1433405876159668
0.942819356918335
0.9131855964660645
1.5753142833709717
0.990156888961792
1.2297866344451904
0.9563150405883789
0.9906101226806641
0.9739573001861572
0.9333817958831787
1.0591354370117188
1.5106091499328613
0.9998006820678711
1.5201747417449951
0.9718356132507324
0.9194436073303223
0.9488332271575928
1.0973589420318604
1.0308611392974854
0.9996142387390137
0.8956351280212402
1.4617283344268799
0.9970424175262451
0.9600875377655029
0.9350993633270264
0.9626510143280029
1.0569486618041992
1.3974943161010742
1.084418535232544
0.9168593883514404
1.4784152507781982
0.9302568435668945
0.9583334922790527
0.9683947563171387
1.195009469985962
0.8520498275756836
1.8417365550994873
1.0488500595092773
0.8932437896728516
1.1597001552581787
1.6076016426086426
1.3023910522460938
0.9385166168212891
0.9490694999694824
1.2074360847473145
1.540623426437378
1.6897392272949219
1.2627577781677246
0.9624385833740234
0.9066336154937744
0.9960389137268066
0.9441368579864502
1.3993332386016846
0.9779253005981445
1.058516025543213
0.955289363861084
1.0507044792175293
0.9827561378479004
1.5491955280303955
1.8289299011230469
0.9445919990539551
1.4577884674072266
0.9430673122406006
0.8806807994842529
0.9224705696105957
1.0569369792938232
1.437671184539795
0.935340404510498
1.6969542503356934
1.837059497833252
1.1312804222106934
1.5059492588043213
0.9740605354309082
1.0466647148132324
0.9381711483001709
0.903825044631958
0.9167554378509521
0.9701924324035645
1.0320806503295898
0.9746353626251221
1.0335721969604492
1.0795648097991943
0.9732513427734375
0.9857728481292725
1.0368554592132568
1.2804992198944092
0.9772884845733643
0.9130284786224365
1.0725347995758057
1.095944881439209
1.3195371627807617
1.5250849723815918
0.9552814960479736
0.8322665691375732
1.5051889419555664
1.1158106327056885
0.955254077911377
0.9649145603179932
1.7136473655700684
1.2415955066680908
0.8909876346588135
0.9709053039550781
1.1210002899169922
1.2027792930603027
0.916914701461792
1.0337212085723877
1.3520736694335938
0.9118192195892334
0.9379303455352783
1.0049266815185547
0.9568386077880859
0.9786896705627441
1.1187524795532227
0.9415905475616455
0.933159589767456
0.8897347450256348
0.9369950294494629
0.9970731735229492
1.2820343971252441
0.8837254047393799
1.320181131362915
1.4859368801116943
1.6240506172180176
1.0088884830474854
1.8489854335784912
1.0439743995666504
0.8949055671691895
0.9491825103759766
1.5093822479248047
1.0144660472869873
0.9328947067260742
1.005235195159912
1.482300043106079
1.0553829669952393
0.9247076511383057
0.9740276336669922
1.1263384819030762
0.9602336883544922
0.9378807544708252
1.0946109294891357
1.03790283203125
1.6587133407592773
0.9320917129516602
0.9190993309020996
1.0706729888916016
0.9413182735443115
1.0082566738128662
0.9772558212280273
0.9888389110565186
0.9032778739929199
1.7873411178588867
0.9388420581817627
1.1712465286254883
0.9403471946716309
1.084620475769043
1.286921739578247
1.0725574493408203
1.8103687763214111
0.9134602546691895
1.2115824222564697
0.9552474021911621
1.039961576461792
1.0736727714538574
1.040710687637329
0.921074628829956
0.9397711753845215
1.2674293518066406
0.9504508972167969
0.9760887622833252
0.9809603691101074
0.9433515071868896
0.9482979774475098
0.9567244052886963
1.946615219116211
1.334934949874878
0.9572486877441406
1.1781651973724365
1.2397630214691162
0.9407377243041992
1.594024896621704
0.9275391101837158
1.023069143295288
1.065493106842041
1.113084077835083
0.9874594211578369
1.0235788822174072
0.9363453388214111
1.0558040142059326
1.7615342140197754
0.9386451244354248
0.9843814373016357
0.9295592308044434
0.8805444240570068
0.9531960487365723
0.9495770931243896
0.9636282920837402
0.9915671348571777
1.0201466083526611
0.955592155456543
0.9864182472229004
1.000615119934082
0.9618818759918213
0.9721813201904297
0.9945998191833496
0.9137203693389893
0.938866376876831
0.9755523204803467
0.9135425090789795
2.2052266597747803
0.8793859481811523
1.4713635444641113
0.9235405921936035
0.9813876152038574
1.0851492881774902
1.3584678173065186
0.9337289333343506
1.0262157917022705
0.9902141094207764
0.9391264915466309
0.9359138011932373
0.9541711807250977
1.0508441925048828
1.1148512363433838
1.6569361686706543
0.9228005409240723
1.0030925273895264
0.9162356853485107
1.1084332466125488
0.9690368175506592
0.9058890342712402
0.9234879016876221
1.1373569965362549
0.926689624786377
1.0902211666107178
1.0356409549713135
0.9091105461120605
0.9765496253967285
0.9794807434082031
1.052783489227295
0.9066672325134277
1.0331661701202393
0.9453585147857666
0.9914793968200684
1.0767440795898438
1.059471845626831
0.9341340065002441
0.9419326782226562
0.9827456474304199
0.8833372592926025
0.9162478446960449
1.3342621326446533
1.0044374465942383
0.8620953559875488
1.1035103797912598
1.3791835308074951
0.8961389064788818
1.120593547821045
1.1428825855255127
1.0684900283813477
1.2261993885040283
1.0059888362884521
1.0169312953948975
0.9116911888122559
1.407651424407959
1.2726964950561523
1.2735178470611572
0.9548337459564209
1.2395555973052979
1.364579439163208
0.9483020305633545
0.9081265926361084
0.9727857112884521
0.9531881809234619
1.0942752361297607
1.419058084487915
1.2239396572113037
0.9178106784820557
0.9065759181976318
0.9365131855010986
0.9489080905914307
1.5105111598968506
0.9509341716766357
0.9612288475036621
1.2202589511871338
0.9916417598724365
0.9146392345428467
0.9512064456939697
0.876168966293335
0.9849529266357422
0.9584352970123291
1.131335973739624
0.9043979644775391
0.9520015716552734
1.6953885555267334
1.3053054809570312
1.606682300567627
1.1280245780944824
0.9743356704711914
1.082709789276123
0.9003357887268066
0.9668817520141602
0.9721851348876953
1.327843427658081
0.9445497989654541
0.8997199535369873
0.8928818702697754
0.9152469635009766
1.0884170532226562
1.3396093845367432
0.9961726665496826
0.981478214263916
0.9411425590515137
1.0757014751434326
1.0432004928588867
0.9240529537200928
1.0393693447113037
1.041548490524292
1.2532997131347656
1.2011864185333252
1.2080960273742676
0.9493818283081055
1.064014196395874
0.9612500667572021
1.4323866367340088
0.9390318393707275
0.9683284759521484
1.2274127006530762
0.953277587890625
0.9548802375793457
0.9718403816223145
0.9226281642913818
1.0628471374511719
0.9234020709991455
0.9308273792266846
1.0093016624450684
0.9286468029022217
1.6323633193969727
0.9278831481933594
0.9181442260742188
1.3434996604919434
1.052541971206665
0.8971898555755615
1.2208778858184814
0.891033411026001
1.226938009262085
1.3711421489715576
1.4362256526947021
0.9273781776428223
0.8985052108764648
0.9260811805725098
0.9283678531646729
1.5315353870391846
1.1524720191955566
1.8708724975585938
1.072519063949585
0.9442024230957031
0.9223401546478271
0.9464132785797119
1.3320636749267578
1.2439117431640625
0.9809088706970215
1.5659449100494385
1.2014868259429932
0.934396505355835
1.007718563079834
1.8402721881866455
0.9616043567657471
0.8750050067901611
0.9471700191497803
1.002281904220581
0.9506847858428955
1.083688735961914
0.9574084281921387
1.2761609554290771
0.9037630558013916
0.9303717613220215
0.9463682174682617
0.9625327587127686
1.0180892944335938
1.557528018951416
0.9279301166534424
1.2136993408203125
0.9091911315917969
0.9535496234893799
0.973630428314209
0.9229557514190674
0.9291524887084961
0.9247822761535645
1.0109188556671143
1.4377548694610596
0.9434123039245605
1.7355189323425293
1.0081565380096436
1.926820993423462
0.9232563972473145
0.8948836326599121
1.5397453308105469
0.9453442096710205
1.068284511566162
1.0287821292877197
1.520892858505249
1.1537261009216309
0.911104679107666
1.0013537406921387
1.9349558353424072
1.0347175598144531
0.9505722522735596
0.9816732406616211
1.0432519912719727
1.091688871383667
0.88995361328125
0.948800802230835
0.9882428646087646
0.9585537910461426
1.1121561527252197
1.074967861175537
0.9043240547180176
0.8898947238922119
0.9486749172210693
0.927415132522583
0.9631431102752686
0.924699068069458
0.9572927951812744
0.9187991619110107
1.0868761539459229
0.9083733558654785
1.005577564239502
0.927161693572998
0.9557693004608154
1.1555554866790771
1.0575973987579346
1.052985429763794
0.9009044170379639
0.8985292911529541
0.9801182746887207
1.039557933807373
0.9880352020263672
0.9826674461364746
0.9819588661193848
0.922269344329834
0.9661304950714111
1.180694818496704
0.9723377227783203
1.002406120300293
1.4347879886627197
1.116363763809204
1.0221259593963623
1.2031679153442383
1.0756511688232422
0.9083702564239502
1.1181447505950928
0.9131102561950684
0.9791419506072998
0.8877041339874268
0.94124436378479
1.6801605224609375
0.9162564277648926
0.921769380569458
0.9793987274169922
1.0620908737182617
0.9582505226135254
0.9453110694885254
0.9313344955444336
2.093616008758545
1.0604076385498047
1.1715936660766602
1.0421385765075684
0.9634606838226318
1.1540305614471436
1.047938585281372
0.9534025192260742
1.0293874740600586
0.951707124710083
0.962085485458374
0.9472687244415283
0.8810315132141113
0.979388952255249
0.905066967010498
0.9379072189331055
0.9646081924438477
1.5353550910949707
1.3367466926574707
0.926945686340332
1.1850471496582031
0.9572122097015381
0.9876642227172852
1.3635728359222412
0.9030630588531494
0.9618062973022461
1.0374131202697754
1.0015487670898438
0.9174740314483643
0.8986256122589111
0.9199099540710449
0.9015376567840576
0.9473609924316406
1.101349115371704
0.9474027156829834
1.3105337619781494
1.0143561363220215
1.024670124053955
0.9157705307006836
0.9466266632080078
0.9232883453369141
1.048661470413208
0.9675226211547852
1.0468494892120361
0.8880369663238525
1.0972535610198975
1.1404073238372803
0.863762378692627
0.8964564800262451
0.9603703022003174
0.948155403137207
1.1204841136932373
1.2611992359161377
1.1190876960754395
0.9422671794891357
0.9129183292388916
1.1285417079925537
1.0898621082305908
1.2914564609527588
1.4870848655700684
0.9420421123504639
1.143606424331665
0.9762883186340332
0.8968687057495117
0.9823362827301025
0.9241158962249756
0.9180066585540771
1.051161289215088
0.9342706203460693
0.947955846786499
0.9565300941467285
0.957064151763916
1.2045440673828125
1.0357294082641602
0.9513335227966309
0.9577291011810303
0.8944485187530518
0.9263932704925537
0.9592468738555908
0.9631137847900391
1.1293702125549316
0.9562473297119141
1.6396794319152832
0.9057605266571045
0.9718921184539795
0.9489960670471191
1.091494083404541
0.9698817729949951
0.9285933971405029
1.062476396560669
0.9199144840240479
0.8139183521270752
0.9739782810211182
0.9602267742156982
0.925114631652832
0.9274635314941406
0.9768762588500977
0.8915369510650635
1.1096794605255127
1.0255281925201416
0.9769747257232666
0.9048562049865723
0.9317374229431152
0.9621241092681885
0.9154248237609863
0.9347231388092041
0.918179988861084
0.874152421951294
0.9357237815856934
0.9297285079956055
1.1121606826782227
0.907975435256958
0.9302394390106201
1.0354628562927246
1.0950517654418945
0.9176559448242188
0.9356608390808105
1.4438741207122803
0.9486451148986816
1.0747013092041016
0.9255325794219971
1.0130858421325684
0.993520975112915
0.9426672458648682
0.9549212455749512
0.9747164249420166
0.9892423152923584
0.9478437900543213
1.0407814979553223
1.0230045318603516
1.3884518146514893
0.9623734951019287
1.3411498069763184
1.454787015914917
1.1473767757415771
0.9043781757354736
0.9798550605773926
1.0566635131835938
1.0015604496002197
0.9363105297088623
0.966606855392456
0.9299161434173584
0.9259529113769531
0.8863251209259033
0.9932427406311035
1.0102481842041016
0.9644269943237305
0.947800874710083
0.9451038837432861
1.0079212188720703
0.9572010040283203
0.9756028652191162
1.0771825313568115
0.9371240139007568
1.021289348602295
0.9448041915893555
1.2004246711730957
1.196681261062622
0.9387824535369873
0.9813497066497803
0.9576809406280518
0.8901119232177734
1.1182000637054443
0.8975887298583984
0.8934023380279541
1.512338638305664
1.0734624862670898
1.1111948490142822
0.956341028213501
0.9295718669891357
0.9815902709960938
0.9473178386688232
0.8988685607910156
1.1928656101226807
0.924100399017334
0.9322724342346191
0.9443097114562988
1.1121673583984375
1.4282886981964111
1.0628082752227783
0.9214820861816406
0.9402263164520264
0.9848315715789795
0.9079489707946777
0.9425442218780518
0.9919993877410889
1.0610291957855225
0.9101216793060303
0.9242236614227295
0.9037177562713623
0.9672408103942871
1.0313873291015625
1.1355829238891602
1.0973730087280273
0.9769291877746582
0.9735147953033447
0.9160487651824951
1.0547702312469482
0.9571585655212402
0.9863924980163574
1.0499303340911865
0.9151887893676758
0.9163246154785156
0.9569287300109863
0.9665980339050293
0.8997855186462402
0.8892924785614014
1.4056198596954346
1.010758876800537
0.9612412452697754
1.0169482231140137
1.0210015773773193
0.9148640632629395
0.9306783676147461
1.0866312980651855
0.9376347064971924
0.7987911701202393
0.9718520641326904
2.2170767784118652
1.4457283020019531
0.9506185054779053
0.9737529754638672
0.8941404819488525
0.9642519950866699
1.061250925064087
1.0956437587738037
0.9340417385101318
1.3896794319152832
0.9428386688232422
0.962716817855835
0.9075508117675781
1.012528419494629
0.9470443725585938
1.013235092163086
0.9901394844055176
1.0093724727630615
0.9521441459655762
0.8999347686767578
1.7524120807647705
0.9327151775360107
1.0127265453338623
0.9400269985198975
1.2495768070220947
0.9333102703094482
1.1163451671600342
0.9769790172576904
0.940558910369873
0.9852194786071777
1.0500428676605225
0.9207875728607178
1.401029348373413
1.371863842010498
0.896406888961792
0.9431390762329102
0.8697037696838379
0.9856691360473633
1.0332820415496826
0.9220554828643799
0.9359607696533203
1.1025817394256592
0.9083645343780518
0.9882514476776123
0.9346718788146973
0.9212744235992432
1.0081400871276855
0.9169552326202393
1.1734662055969238
0.9031777381896973
1.175459384918213
0.9747767448425293
0.9741394519805908
0.9840140342712402
1.093557596206665
0.9090814590454102
0.9239835739135742
0.916679859161377
0.9068894386291504
1.0772602558135986
0.9656338691711426
0.9347515106201172
0.8937287330627441
1.3128786087036133
1.169037103652954
1.3729298114776611
0.9750387668609619
1.0378451347351074
0.9591867923736572
0.9989256858825684
0.9241759777069092
0.938560962677002
0.9317011833190918
0.9293837547302246
0.9830560684204102
0.997474193572998
0.9337210655212402
0.9795279502868652
0.8966495990753174
1.3832862377166748
0.9597196578979492
1.0073111057281494
0.9464967250823975
0.9118678569793701
1.002814531326294
1.1730093955993652
0.9089763164520264
0.930485725402832
0.9168295860290527
0.9954519271850586
0.9315485954284668
1.034510850906372
1.0678606033325195
0.9577217102050781
0.924140214920044
1.3791401386260986
1.2990851402282715
1.2353391647338867
0.9161796569824219
0.9323859214782715
0.8982791900634766
0.860175371170044
1.001526117324829
1.116947889328003
0.9951202869415283
0.9421725273132324
0.9166843891143799
0.887047290802002
0.930964469909668
1.16921067237854
1.4284210205078125
0.9500188827514648
1.040050745010376
0.9277052879333496
0.9175639152526855
0.9379267692565918
1.0028836727142334
0.9939215183258057
0.9138271808624268
1.013723373413086
1.4305784702301025
1.152799367904663
2.0395870208740234
0.9528288841247559
1.237354040145874
0.867495059967041
1.1056585311889648
1.7997093200683594
0.8865609169006348
0.9584918022155762
0.9708743095397949
0.9988594055175781
1.0083913803100586
1.1899242401123047
0.9887518882751465
0.9139220714569092
0.9222924709320068
0.9456222057342529
0.9854254722595215
0.9371848106384277
0.9614737033843994
0.9153192043304443
0.9182538986206055
1.201899766921997
0.9816100597381592
0.975555419921875
0.9875946044921875
1.084326982498169
0.9080238342285156
1.6836061477661133
1.0746800899505615
0.9379980564117432
0.9084055423736572
0.7944884300231934
0.9962906837463379
0.970801591873169
0.928760290145874
0.940051794052124
0.9292759895324707
0.8768081665039062
0.9773204326629639
1.0116310119628906
1.1484549045562744
0.9370808601379395
0.9341492652893066
1.0589423179626465
0.9989335536956787
0.9265961647033691
1.4489240646362305
1.011188268661499
0.9346694946289062
1.0709822177886963
0.9494915008544922
0.9357268810272217
1.0322253704071045
1.3389942646026611
0.893500566482544
0.9699587821960449
0.946803092956543
0.9888217449188232
0.8975076675415039
0.9275979995727539
0.9038453102111816
0.9939074516296387
1.1546003818511963
0.959038257598877
0.9712064266204834
1.3091199398040771
0.9332306385040283
0.9900007247924805
1.017174243927002
0.9909584522247314
0.9350142478942871
0.9472708702087402
0.9063339233398438
0.9571592807769775
0.9456918239593506
0.9032938480377197
0.9976611137390137
1.042163610458374
1.1895396709442139
0.9777181148529053
0.9550657272338867
0.8954706192016602
0.9694986343383789
0.9607117176055908
1.0903666019439697
0.9006097316741943
0.8852219581604004
0.9289257526397705
0.9177987575531006
1.006737232208252
1.6867754459381104
1.0064959526062012
0.9490916728973389
1.0180835723876953
0.921675443649292
0.9154856204986572
0.9602136611938477
0.9528985023498535
0.9614548683166504
0.97641921043396
1.0950438976287842
0.8808212280273438
0.9456722736358643
0.911686897277832
1.0306391716003418
1.222024917602539
1.2014315128326416
0.9991307258605957
0.9243488311767578
1.9897692203521729
1.1277637481689453
0.9568519592285156
0.9773650169372559
1.3257288932800293
1.0704472064971924
0.9464085102081299
0.9569597244262695
0.9160125255584717
1.0027244091033936
1.2209258079528809
0.9548397064208984
0.9410502910614014
0.9539737701416016
0.9533119201660156
1.1358227729797363
1.3790719509124756
0.9725420475006104
0.9832437038421631
0.9978587627410889
1.1333839893341064
0.9322323799133301
0.8082363605499268
0.9549274444580078
0.9591536521911621
1.1305642127990723
1.0346112251281738
1.0119349956512451
1.0660576820373535
1.1877295970916748
0.8453724384307861
0.9714615345001221
0.9784297943115234
0.9309277534484863
0.9386990070343018
1.0139119625091553
0.9174149036407471
0.9350299835205078
1.1210322380065918
1.1039159297943115
0.9476423263549805
1.2787699699401855
0.963576078414917
0.9310932159423828
1.0073292255401611
0.9412753582000732
0.8990328311920166
0.9693863391876221
1.0513834953308105
0.8718976974487305
1.044539213180542
0.9381043910980225
0.9480721950531006
0.9347410202026367
1.3639287948608398
0.9715185165405273
1.0956459045410156
0.9055984020233154
1.102370023727417
0.9485745429992676
1.3185429573059082
0.9149463176727295
0.9578101634979248
0.9811108112335205
0.9303264617919922
1.1387009620666504
0.9663856029510498
0.9462072849273682
0.8949120044708252
1.1041371822357178
0.9711353778839111
1.0115461349487305
0.9873523712158203
1.062687635421753
0.9687113761901855
1.0487303733825684
1.0147476196289062
0.932366132736206
1.0967447757720947
0.9629652500152588
0.8833909034729004
0.9160683155059814
0.8976683616638184
1.3838975429534912
0.954657793045044
0.8785078525543213
1.036877155303955
1.0612468719482422
1.0082423686981201
1.1797001361846924
0.9341452121734619
0.9773387908935547
2.027323007583618
0.9163987636566162
0.9485073089599609
0.9068572521209717
0.9492409229278564
1.1008455753326416
0.9367680549621582
0.9893145561218262
1.0836801528930664
1.0390360355377197
0.9574949741363525
0.9528660774230957
0.9595766067504883
1.0885381698608398
1.074263572692871
0.940375566482544
1.0395715236663818
1.0261526107788086
0.9584062099456787
1.0858802795410156
0.9390490055084229
1.003936767578125
1.628326654434204
0.9328148365020752
0.9546308517456055
1.1249520778656006
0.940176248550415
0.9010772705078125
1.1779136657714844
1.1738591194152832
0.9178462028503418
0.9369156360626221
0.9035735130310059
0.9370028972625732
1.0941171646118164
0.9851474761962891
0.975456714630127
1.1219308376312256
0.9961681365966797
0.9188201427459717
1.0024700164794922
0.9380190372467041
0.9824600219726562
0.9597668647766113
0.9536445140838623
1.0699453353881836
1.0082337856292725
1.0584266185760498
0.8897643089294434
0.8997204303741455
0.9549531936645508
1.3259873390197754
0.883735179901123
0.977957010269165
0.9235820770263672
0.9247395992279053
1.0976617336273193
0.9777572154998779
0.9733986854553223
0.9102799892425537
0.9831180572509766
0.96913743019104
1.0769577026367188
1.1158232688903809
1.0718185901641846
0.9698429107666016
0.913294792175293
1.0133931636810303
0.8975088596343994
0.9916050434112549
1.050701379776001
0.9076673984527588
0.9477658271789551
0.9043800830841064
1.1285147666931152
1.0192890167236328
1.2334175109863281
1.9441063404083252
0.890711784362793
0.9340689182281494
0.9298264980316162
0.8934121131896973
1.0526139736175537
0.9872901439666748
1.3758635520935059
1.3138806819915771
0.9226396083831787
1.2382302284240723
0.9344689846038818
0.9601383209228516
0.9395976066589355
1.142148733139038
0.9356117248535156
0.9961338043212891
0.9327306747436523
0.9848134517669678
0.93182373046875
1.1171913146972656
0.961993932723999
0.9142556190490723
0.9137122631072998
1.0145421028137207
0.931251049041748
0.967402458190918
0.9246983528137207
1.4264037609100342
1.1318166255950928
0.9407985210418701
1.1243813037872314
1.1655609607696533
1.015897274017334
0.996973991394043
0.9101486206054688
1.0127828121185303
1.086869478225708
0.9421076774597168
0.925065279006958
1.0343947410583496
0.9486932754516602
1.505131483078003
0.9782910346984863
0.928692102432251
0.9242961406707764
0.9283206462860107
0.9431118965148926
1.037358045578003
1.0939977169036865
0.8746054172515869
0.9955410957336426
1.0120246410369873
1.0611093044281006
0.9492297172546387
0.9169955253601074
0.9924924373626709
0.9093692302703857
0.9954931735992432
1.0682463645935059
0.9160969257354736
1.0215260982513428
1.1713273525238037
0.9550673961639404
1.7335155010223389
0.9871640205383301
1.3384594917297363
0.9249508380889893
0.9432895183563232
0.9223096370697021
0.9406912326812744
0.9230713844299316
1.0619943141937256
1.1019909381866455
0.9210660457611084
0.8281457424163818
0.9019768238067627
0.8966333866119385
0.94541335105896
0.9256632328033447
0.9585855007171631
0.88527512550354
0.8992626667022705
0.9906070232391357
0.9508504867553711
0.9170558452606201
0.9183034896850586
0.9286158084869385
0.9435741901397705
0.9308629035949707
1.0436015129089355
0.9486076831817627
0.9688920974731445
1.1758315563201904
0.9388270378112793
1.1152207851409912
0.934943675994873
0.9247944355010986
1.0827791690826416
0.9442245960235596
0.940868616104126
0.9099390506744385
1.0052385330200195
0.8914914131164551
0.9338216781616211
0.925051212310791
1.0817115306854248
0.9853231906890869
0.9401967525482178
0.9700746536254883
0.9941456317901611
1.1291682720184326
1.4716591835021973
0.9373931884765625
1.0974843502044678
0.8967480659484863
0.9469506740570068
0.9201693534851074
1.0278165340423584
0.9492988586425781
0.9622621536254883
1.0200655460357666
1.3227596282958984
1.0108556747436523
0.9527430534362793
0.9149754047393799
0.9605712890625
0.9725403785705566
1.0958123207092285
1.064500093460083
1.0059223175048828
0.9543848037719727
1.0337858200073242
0.9695305824279785
1.02390718460083
1.3582062721252441
0.9511876106262207
0.9105844497680664
0.9243431091308594
0.9631423950195312
0.9110617637634277
1.1827507019042969
0.9268386363983154
0.9626994132995605
1.0361332893371582
1.67732834815979
0.9321300983428955
0.9101536273956299
0.8738980293273926
1.1979644298553467
0.8868305683135986
1.1367971897125244
0.9373915195465088
1.039884328842163
0.9319605827331543
1.1114962100982666
0.9020826816558838
0.9672977924346924
1.3190109729766846
0.9814224243164062
1.0799734592437744
0.9750072956085205
0.967818021774292
0.9529557228088379
0.8983616828918457
0.9094057083129883
0.9430837631225586
0.9147744178771973
0.9712169170379639
1.3073761463165283
0.9514901638031006
0.9767806529998779
0.9669947624206543
0.9270031452178955
0.9413905143737793
0.9138367176055908
0.9816627502441406
0.9306905269622803
0.9966504573822021
0.9393782615661621
0.9952707290649414
0.9616122245788574
0.9241943359375
1.1450130939483643
1.1490740776062012
0.9331209659576416
1.0658581256866455
0.9714040756225586
1.0098233222961426
0.9123404026031494
0.9256269931793213
0.9197068214416504
1.0330281257629395
0.9137578010559082
0.9787356853485107
0.9143550395965576
1.0446226596832275
0.912081241607666
0.9506151676177979
0.9679501056671143
0.9302880764007568
0.9034998416900635
1.4529533386230469
0.9511516094207764
0.9342331886291504
1.0937044620513916
1.0323102474212646
1.1676840782165527
0.974902868270874
1.2152493000030518
0.9700300693511963
1.0666024684906006
0.8600668907165527
1.0081117153167725
0.8989238739013672
0.9417219161987305
0.9147584438323975
0.9654302597045898
0.9702939987182617
0.9430630207061768
1.046703815460205
0.9349136352539062
0.9172053337097168
0.9267089366912842
0.9596080780029297
0.9607939720153809
0.9760837554931641
0.8985180854797363
0.9380333423614502
0.9894311428070068
0.947812557220459
1.123807430267334
0.917792797088623
1.3898227214813232
0.918231725692749
0.9926290512084961
1.0576708316802979
0.9779226779937744
0.9485259056091309
0.9540510177612305
1.2452964782714844
0.9044806957244873
1.0080320835113525
1.4716300964355469
1.042163372039795
1.03340482711792
0.938901424407959
0.9397811889648438
0.9813716411590576
1.0751574039459229
0.9809665679931641
0.9666132926940918
0.9199662208557129
1.0887742042541504
1.1933515071868896
1.0649619102478027
1.1312589645385742
0.9361674785614014
0.9418582916259766
0.9356606006622314
1.077726125717163
1.0358555316925049
1.1632311344146729
1.0150790214538574
0.9156351089477539
0.9209041595458984
1.0751142501831055
1.1664953231811523
0.9155023097991943
0.9753668308258057
1.0209178924560547
1.0891964435577393
0.9058661460876465
1.0111334323883057
1.0071828365325928
1.4457712173461914
0.9213356971740723
0.9478530883789062
0.8996376991271973
1.0461337566375732
1.0010170936584473
0.8405153751373291
1.085198163986206
0.8631935119628906
1.056020736694336
1.0525267124176025
0.905895471572876
1.200242042541504
0.9313497543334961
1.0036466121673584
1.1202723979949951
1.0485055446624756
0.9317517280578613
0.9699456691741943
0.9821140766143799
0.9031217098236084
1.0450403690338135
1.0092799663543701
0.9427790641784668
0.9981598854064941
0.8663651943206787
0.9508867263793945
0.9474878311157227
0.8972015380859375
0.9326686859130859
0.9936881065368652
1.4985196590423584
0.887540340423584
1.014190435409546
1.0716135501861572
0.9406323432922363
0.9526803493499756
0.9276385307312012
0.8933794498443604
0.9035940170288086
1.4669787883758545
1.0741102695465088
0.9881794452667236
0.934086799621582
0.9695441722869873
0.9936995506286621
1.137706995010376
0.9072144031524658
0.9035804271697998
1.6832807064056396
0.9747555255889893
1.0850493907928467
1.097393274307251
0.9179344177246094
0.9136137962341309
0.9552304744720459
0.985985517501831
0.9304063320159912
0.963447093963623
0.9219546318054199
0.9282402992248535
0.9412460327148438
0.9896144866943359
0.9090650081634521
1.0657787322998047
0.9511525630950928
0.9897675514221191
0.9284377098083496
0.9288845062255859
0.917011022567749
0.9614815711975098
0.9259889125823975
0.9319291114807129
0.9110372066497803
0.879615306854248
0.972632646560669
0.963674783706665
0.9296629428863525
1.3095006942749023
0.9097368717193604
1.359015941619873
0.9558022022247314
0.9388079643249512
0.9905610084533691
0.90451979637146
0.9151501655578613
1.1211137771606445
0.9620401859283447
1.4937503337860107
1.4985449314117432
0.9302263259887695
0.9918763637542725
0.9229166507720947
1.4834792613983154
1.0641744136810303
1.0334653854370117
1.5517849922180176
0.96087646484375
0.9151406288146973
0.9445769786834717
0.9273595809936523
1.2650146484375
0.9417946338653564
0.9004940986633301
1.0061495304107666
1.3702113628387451
0.9181208610534668
0.96185302734375
0.9131271839141846
0.9671173095703125
1.0150763988494873
1.5365064144134521
0.9409787654876709
0.8987951278686523
0.9196875095367432
1.0300326347351074
0.9078948497772217
0.9147477149963379
0.9852912425994873
1.0723943710327148
0.9509255886077881
0.9369308948516846
1.1551940441131592
0.9763591289520264
0.954566478729248
0.926964282989502
0.9480392932891846
0.9325730800628662
0.9608738422393799
0.999441385269165
0.9636645317077637
0.8938922882080078
1.0131149291992188
0.9736132621765137
0.9080295562744141
1.5508036613464355
0.7964286804199219
1.0803160667419434
0.9558103084564209
1.1065037250518799
0.9643056392669678
0.9798705577850342
1.1110782623291016
1.0647649765014648
0.9939393997192383
0.9396851062774658
0.9360425472259521
0.9389159679412842
0.9188785552978516
0.9312636852264404
0.9317994117736816
0.9361894130706787
0.9689984321594238
0.9523515701293945
0.9291064739227295
1.0801410675048828
0.8959090709686279
0.9490082263946533
1.066002368927002
0.9457530975341797
1.025014877319336
1.0065150260925293
1.0758311748504639
1.0630600452423096
1.4182400703430176
1.001267671585083
0.9251956939697266
0.9877529144287109
0.9960169792175293
1.5260543823242188
1.6576273441314697
1.0187106132507324
1.062779188156128
0.9120903015136719
1.0686299800872803
0.9264302253723145
0.9652447700500488
0.9611785411834717
1.0099806785583496
0.945533037185669
1.4087255001068115
1.4756133556365967
1.025017499923706
0.8861732482910156
0.9335319995880127
1.0637407302856445
0.8946168422698975
1.1071443557739258
1.0107617378234863
0.9690761566162109
0.9654548168182373
0.9277482032775879
1.0252459049224854
1.0216500759124756
1.0464906692504883
1.012230634689331
0.9298887252807617
1.1283488273620605
1.0639827251434326
1.5063121318817139
1.0279700756072998
0.9278733730316162
1.0516948699951172
1.035478115081787
0.9034395217895508
0.9254319667816162
0.9056260585784912
0.9308161735534668
1.0294222831726074
1.0045578479766846
0.9660322666168213
1.1146957874298096
1.4224445819854736
0.9419400691986084
0.8945827484130859
0.9704196453094482
1.0396602153778076
0.9412331581115723
1.0685997009277344
0.924694299697876
1.1143889427185059
0.9101660251617432
0.9333181381225586
0.9374244213104248
1.005467176437378
0.9338068962097168
0.9405500888824463
1.074357271194458
0.9266135692596436
1.0407497882843018
0.9866492748260498
1.1020679473876953
0.9840776920318604
0.9194433689117432
0.9248418807983398
0.9314689636230469
0.9840588569641113
0.9408931732177734
0.9542443752288818
0.9939911365509033
0.8326609134674072
0.9869203567504883
0.9725344181060791
0.9352920055389404
1.1008620262145996
0.8794128894805908
0.9041855335235596
0.9123985767364502
0.9789371490478516
0.9023153781890869
0.9722721576690674
0.9140660762786865
0.9099116325378418
0.9755377769470215
0.9598398208618164
0.9032831192016602
1.1397905349731445
1.0296454429626465
0.9260783195495605
1.1590211391448975
0.9788312911987305
0.9324569702148438
1.0031726360321045
0.9174506664276123
0.9360930919647217
0.9610440731048584
1.0538017749786377
1.0805754661560059
1.1031441688537598
1.8323259353637695
1.0293149948120117
0.887747049331665
0.9396052360534668
1.203554630279541
0.9350605010986328
0.9681680202484131
0.9963908195495605
0.9303712844848633
0.9966154098510742
0.9746294021606445
1.0080902576446533
0.9213335514068604
0.9340081214904785
0.9476025104522705
0.9386639595031738
0.9161455631256104
1.0874242782592773
0.9897592067718506
1.1026551723480225
0.9258320331573486
0.9606249332427979
0.9922492504119873
0.9697513580322266
1.0208477973937988
1.3244285583496094
0.9233925342559814
0.9548060894012451
0.9787964820861816
0.9384310245513916
1.024106502532959
0.9605002403259277
0.9468281269073486
0.9675917625427246
1.3733634948730469
0.9415431022644043
0.9073348045349121
0.974175214767456
1.3270130157470703
0.9051024913787842
1.3369088172912598
1.025360107421875
0.956728458404541
0.9246439933776855
0.8987867832183838
0.9710581302642822
1.241666555404663
1.016181468963623
0.9764535427093506
1.1508293151855469
0.91400146484375
0.9514477252960205
1.0309302806854248
0.9218277931213379
0.9249072074890137
0.9059231281280518
1.068612813949585
1.0109117031097412
1.073058843612671
0.9330167770385742
0.9257855415344238
0.9824001789093018
1.2707562446594238
0.9383852481842041
1.0744671821594238
0.9214866161346436
0.9516396522521973
1.014831781387329
0.8839771747589111
1.0388250350952148
1.008756399154663
0.9085283279418945
1.2932822704315186
1.0537056922912598
0.9064202308654785
0.9433724880218506
0.9148917198181152
0.9762232303619385
0.9438693523406982
0.9400062561035156
0.9705817699432373
0.9425551891326904
0.8921642303466797
1.1133143901824951
0.913724422454834
0.8976974487304688
0.9557981491088867
1.057629108428955
1.0630836486816406
0.956718921661377
0.9798831939697266
1.0071029663085938
0.9201793670654297
1.0366859436035156
0.9585297107696533
1.2701315879821777
1.0923101902008057
0.7973082065582275
1.8327860832214355
0.9770886898040771
1.0937745571136475
0.967963695526123
0.9213817119598389
0.9498641490936279
1.058734655380249
1.0943586826324463
1.0918455123901367
0.9402673244476318
0.9262211322784424
0.9489338397979736
0.9204192161560059
0.9322235584259033
1.0252549648284912
0.9516584873199463
1.081977128982544
0.9857120513916016
0.9103891849517822
0.9160239696502686
0.9480798244476318
1.044896125793457
0.9070544242858887
0.9142813682556152
0.87961745262146
0.9560997486114502
0.9637148380279541
0.9290604591369629
1.2202236652374268
1.099606990814209
0.9538402557373047
0.9194595813751221
0.914984941482544
0.9285955429077148
0.9178102016448975
0.9666578769683838
0.9681777954101562
0.9193406105041504
0.893850564956665
0.9218258857727051
0.9462478160858154
0.995248556137085
0.9266281127929688
0.9803473949432373
0.9788632392883301
1.331202507019043
0.8733434677124023
0.98288893699646
1.0100700855255127
0.9356260299682617
1.3006892204284668
1.175391674041748
1.1187751293182373
1.3172698020935059
0.959813117980957
1.039668083190918
0.9767556190490723
0.9287464618682861
0.9058821201324463
0.9609479904174805
1.124164342880249
1.1502037048339844
0.9813485145568848
0.9331891536712646
0.9964644908905029
0.9890432357788086
0.9982311725616455
1.4325988292694092
0.9746432304382324
0.9895901679992676
0.9595475196838379
1.5293099880218506
0.8653252124786377
1.0169312953948975
1.147897481918335
1.141516923904419
0.955054759979248
0.9211187362670898
0.9474854469299316
0.986621618270874
0.9735193252563477
1.0865428447723389
0.9085469245910645
0.8880538940429688
0.9393162727355957
0.9287526607513428
0.925086259841919
0.9486508369445801
0.9349379539489746
0.9153358936309814
1.1282339096069336
0.941643238067627
1.0129756927490234
0.9401869773864746
0.9390044212341309
0.9267356395721436
0.9169631004333496
0.9102106094360352
1.5946204662322998
0.9731731414794922
0.9442853927612305
0.9172742366790771
0.9577853679656982
0.9276533126831055
0.9924936294555664
0.9326181411743164
0.950641393661499
1.091538429260254
0.926159143447876
1.2447516918182373
0.9726071357727051
1.728377103805542
0.9272620677947998
1.0811879634857178
0.9267618656158447
0.9830543994903564
1.0581538677215576
0.9522421360015869
1.1436028480529785
0.9266624450683594
0.9670531749725342
0.9635524749755859
1.9117958545684814
1.893632173538208
1.0304930210113525
0.9595532417297363
0.943213939666748
1.050455093383789
0.8921291828155518
0.9338815212249756
0.9110345840454102
0.9878265857696533
0.9528584480285645
0.9246251583099365
0.9910273551940918
1.1152877807617188
1.7127859592437744
0.9399185180664062
1.0084307193756104
1.0029900074005127
0.9483659267425537
0.9439566135406494
0.945641040802002
0.9360735416412354
0.9614639282226562
0.9331355094909668
0.8942952156066895
0.9360315799713135
1.2984182834625244
0.9331367015838623
0.9112274646759033
0.927142858505249
1.722665786743164
0.9151201248168945
1.009408950805664
0.9153079986572266
0.9184069633483887
0.9356181621551514
1.1553072929382324
1.6108543872833252
1.156104326248169
0.9855446815490723
1.0876405239105225
0.986452579498291
0.9113831520080566
0.7948236465454102
0.9571957588195801
0.8814249038696289
0.9175624847412109
0.9556410312652588
0.9483418464660645
0.9023902416229248
0.9245080947875977
0.9674530029296875
0.8996279239654541
0.9152841567993164
0.9470479488372803
1.049912691116333
1.3459734916687012
0.994267463684082
1.037262201309204
0.9125082492828369
0.9896261692047119
1.0035958290100098
0.9250836372375488
0.9028692245483398
0.9095029830932617
0.9206326007843018
0.9903318881988525
0.9367897510528564
0.9664530754089355
1.009181022644043
1.0604255199432373
1.2729477882385254
0.8959734439849854
0.9690196514129639
0.9370343685150146
0.8631250858306885
0.9237556457519531
0.9579746723175049
1.1013500690460205
1.0133087635040283
1.2645962238311768
0.9363179206848145
0.9130804538726807
0.9289984703063965
1.058398723602295
0.9081606864929199
0.9132101535797119
1.0825831890106201
0.9356288909912109
0.9815177917480469
0.9297068119049072
0.9310116767883301
1.0415294170379639
0.9349958896636963
0.9435250759124756
1.0044238567352295
0.9317739009857178
0.9899280071258545
1.056652545928955
1.0258820056915283
0.9832916259765625
0.9325318336486816
0.9157814979553223
1.0094938278198242
0.9264750480651855
1.2314379215240479
0.9750876426696777
0.9413092136383057
0.9299287796020508
0.936166524887085
0.924553632736206
1.020672082901001
1.102726697921753
0.9391484260559082
1.0179738998413086
1.1377308368682861
0.912346601486206
0.9563372135162354
0.9650781154632568
1.1958801746368408
1.0041899681091309
0.9701309204101562
0.9821147918701172
0.9090611934661865
0.9782614707946777
0.9536526203155518
1.1696248054504395
1.0194005966186523
0.9864175319671631
0.956244707107544
1.0072698593139648
0.8844637870788574
1.03294038772583
0.968130350112915
0.9734654426574707
0.8703880310058594
1.0177757740020752
1.1074907779693604
0.9515798091888428
1.0411713123321533
1.1270437240600586
1.0988199710845947
0.907416582107544
1.1178092956542969
0.9786722660064697
1.0056748390197754
0.9728074073791504
0.9890048503875732
1.0089011192321777
1.1688318252563477
0.9285614490509033
0.982093334197998
1.029937982559204
1.0250539779663086
0.9182219505310059
0.935814380645752
1.020409345626831
0.9222924709320068
0.9239013195037842
0.9138534069061279
1.2136476039886475
0.9310297966003418
1.0041277408599854
1.167536735534668
1.0365736484527588
1.2111611366271973
0.913790225982666
1.466536283493042
0.9833340644836426
0.9145393371582031
1.1046178340911865
1.073756456375122
0.9291415214538574
1.0403525829315186
1.0762407779693604
0.9598970413208008
1.047689437866211
0.9227612018585205
0.9575314521789551
0.8548824787139893
0.894951343536377
0.8840115070343018
0.9134516716003418
0.9874536991119385
0.9138584136962891
1.0287673473358154
1.21012544631958
1.1161329746246338
0.9496161937713623
0.9313662052154541
0.9810192584991455
1.036201000213623
1.1120073795318604
0.864732027053833
0.9702677726745605
1.0300023555755615
1.140256404876709
0.9364891052246094
0.891211748123169
0.9344639778137207
1.373399019241333
0.9825379848480225
0.9796926975250244
0.9715259075164795
1.0036273002624512
1.3743937015533447
0.9371404647827148
0.9745166301727295
1.1156675815582275
0.9675860404968262
0.8551139831542969
0.9681525230407715
0.9604218006134033
1.1789050102233887
0.9420320987701416
0.9193634986877441
1.017683506011963
1.010629653930664
1.0398902893066406
0.9419448375701904
0.9768145084381104
0.9083788394927979
0.9128589630126953
0.9891684055328369
1.19850754737854
0.9440457820892334
0.8909242153167725
0.9519901275634766
0.9212315082550049
1.299940586090088
0.9300518035888672
1.0270135402679443
0.9217629432678223
0.9534978866577148
1.2285635471343994
1.2380669116973877
1.2393674850463867
1.1949043273925781
1.0762102603912354
0.9616467952728271
1.5365517139434814
0.9277527332305908
0.9055330753326416
0.9731285572052002
1.4099113941192627
1.1176910400390625
0.9162812232971191
1.1564831733703613
0.9540972709655762
1.0739128589630127
1.2175440788269043
0.9101607799530029
0.8969988822937012
0.9277420043945312
1.0276250839233398
0.9136524200439453
0.9047825336456299
0.9711852073669434
0.9169528484344482
0.9764511585235596
1.0576756000518799
0.9287123680114746
0.9256465435028076
0.9596123695373535
0.9554057121276855
0.9485495090484619
0.9120357036590576
0.9622066020965576
0.8042142391204834
0.9613585472106934
1.3325555324554443
0.9080748558044434
0.9595482349395752
1.0833964347839355
0.9224822521209717
0.9572515487670898
0.9302899837493896
0.9394452571868896
1.5085835456848145
0.9206886291503906
0.9426999092102051
0.9351515769958496
1.2211203575134277
0.9528424739837646
1.0092134475708008
1.0348608493804932
0.9323790073394775
1.097527265548706
1.325347661972046
0.9492549896240234
1.017648696899414
1.1196136474609375
0.9739227294921875
1.009153127670288
0.9406237602233887
1.3361692428588867
0.9927351474761963
1.0671021938323975
0.9066524505615234
0.9126684665679932
0.9677262306213379
0.9977734088897705
1.1343090534210205
0.9071831703186035
0.9383847713470459
0.9450726509094238
0.9183568954467773
0.9463944435119629
1.106144666671753
1.0021815299987793
1.1096830368041992
1.0323712825775146
0.9045853614807129
0.9148216247558594
0.9200973510742188
0.9523525238037109
1.276076316833496
1.23940110206604
0.9482479095458984
1.0185868740081787
0.9684188365936279
0.913062334060669
0.9355919361114502
0.881995677947998
0.897709846496582
0.9031517505645752
0.9679441452026367
1.4784266948699951
0.9866292476654053
0.9047741889953613
0.9145076274871826
0.962343692779541
1.1296613216400146
0.9538571834564209
0.9370415210723877
1.089937448501587
0.9952778816223145
0.9622306823730469
0.9278523921966553
0.9479889869689941
0.9462144374847412
0.9397718906402588
1.2611103057861328
0.9245092868804932
0.9825863838195801
1.056873083114624
1.1144208908081055
1.0821137428283691
1.098834753036499
0.9374849796295166
1.063570261001587
1.2984530925750732
0.9258298873901367
1.0695734024047852
1.0109469890594482
0.9568393230438232
0.9554147720336914
0.9613041877746582
0.9374985694885254
0.9010615348815918
0.9182062149047852
0.9177007675170898
1.190619707107544
0.9165828227996826
1.1246356964111328
0.9015684127807617
0.9161131381988525
0.8803849220275879
0.9107794761657715
0.919327974319458
0.9346311092376709
0.89638352394104
0.9383273124694824
0.9274544715881348
0.920567512512207
0.9183061122894287
0.8953413963317871
0.8311672210693359
1.0369822978973389
0.9094789028167725
0.9181351661682129
0.8307836055755615
0.9630317687988281
0.913966178894043
1.6183810234069824
0.9623301029205322
0.8304200172424316
0.9374575614929199
1.6005587577819824
1.0219261646270752
1.3818190097808838
0.9693317413330078
0.9327049255371094
0.9419360160827637
1.0329904556274414
0.9334971904754639
0.9493188858032227
0.9045493602752686
1.0136375427246094
0.9918465614318848
0.950524091720581
1.0015571117401123
1.003061056137085
0.9297471046447754
0.9484236240386963
1.0590553283691406
1.354435682296753
0.9681723117828369
0.9625027179718018
0.9315080642700195
0.9724652767181396
0.9093484878540039
0.9554343223571777
0.9611763954162598
0.8944180011749268
0.9245858192443848
0.8923602104187012
0.9331409931182861
0.9479320049285889
0.9955768585205078
0.927811861038208
1.1978332996368408
0.9810013771057129
0.9240789413452148
0.9450452327728271
1.6205523014068604
0.9696924686431885
0.9711127281188965
0.913287878036499
1.0302128791809082
0.9157600402832031
0.8814876079559326
1.0279757976531982
1.0316288471221924
0.941420316696167
1.0121798515319824
0.965672492980957
0.9252972602844238
0.9979257583618164
0.9345724582672119
0.960162878036499
0.9474279880523682
0.9927120208740234
1.0997374057769775
0.9582169055938721
0.9696881771087646
0.9268374443054199
1.0745728015899658
0.8954689502716064
1.375945806503296
1.1954576969146729
1.254204511642456
0.9468836784362793
1.0294628143310547
0.8965349197387695
0.9855201244354248
0.8878941535949707
1.1348514556884766
0.9776883125305176
0.935802698135376
0.9641509056091309
0.9943366050720215
0.923792839050293
1.0148940086364746
0.8542318344116211
0.9136121273040771
0.9670984745025635
0.9212901592254639
0.953345775604248
0.9622035026550293
1.118187665939331
0.9184284210205078
0.7921884059906006
1.1388168334960938
0.9286675453186035
0.9829866886138916
0.9039018154144287
0.9686601161956787
0.8896136283874512
0.9788155555725098
1.3511970043182373
1.0013201236724854
0.9158647060394287
1.007378101348877
1.0214619636535645
1.0824904441833496
0.8979334831237793
0.9034955501556396
0.9708833694458008
0.9130599498748779
0.9531204700469971
0.9777436256408691
1.0604500770568848
0.9404089450836182
1.038891077041626
0.8787529468536377
0.9359049797058105
0.9160864353179932
0.9122016429901123
1.3312489986419678
0.9066298007965088
1.196535348892212
1.0409061908721924
0.9640812873840332
0.9583272933959961
1.657456636428833
0.8819775581359863
1.008462905883789
0.9782700538635254
1.0925536155700684
1.1049020290374756
0.9257819652557373
0.9692671298980713
0.9348549842834473
0.9222121238708496
0.9279437065124512
0.9290876388549805
1.0802412033081055
1.0079638957977295
0.9504809379577637
0.8932743072509766
1.039311408996582
0.9642477035522461
0.9481773376464844
1.0245769023895264
0.9211306571960449
1.4681873321533203
0.9233608245849609
0.9290969371795654
0.9702122211456299
1.0471217632293701
1.1498053073883057
0.9894192218780518
1.1045877933502197
0.9324150085449219
0.940532922744751
1.0031359195709229
1.1686811447143555
0.9674811363220215
0.9201602935791016
0.9212629795074463
0.8956296443939209
0.9448070526123047
0.9364235401153564
1.0396618843078613
1.043017864227295
1.3989417552947998
0.977952241897583
0.9434046745300293
0.8883888721466064
0.9524333477020264
0.9889185428619385
0.9593408107757568
1.0386450290679932
0.9449210166931152
0.9672510623931885
1.026160478591919
0.8915867805480957
0.9398746490478516
0.9712264537811279
0.9055697917938232
0.9342324733734131
0.9088540077209473
1.085341453552246
0.9863483905792236
0.9728069305419922
0.9369449615478516
0.9555621147155762
0.92191481590271
0.9217369556427002
1.4589369297027588
1.438044786453247
0.9731242656707764
0.9307529926300049
0.9569964408874512
0.9249467849731445
0.903996467590332
0.9166631698608398
0.9501590728759766
0.949193000793457
0.9153966903686523
0.918262243270874
1.078192949295044
0.9591512680053711
1.266756534576416
1.010758638381958
1.1481680870056152
0.9894068241119385
0.899890661239624
0.8673081398010254
0.9135222434997559
1.0838425159454346
0.9288504123687744
0.9346334934234619
1.0908372402191162
0.9487104415893555
1.0481057167053223
0.8914389610290527
1.0412917137145996
0.877748966217041
1.1224918365478516
0.929541826248169
1.035715103149414
0.9509706497192383
0.8967390060424805
0.9543964862823486
0.9781479835510254
0.9610581398010254
0.9124908447265625
0.9178082942962646
0.915367603302002
0.9935746192932129
0.9982781410217285
0.9264552593231201
0.9156467914581299
0.9556028842926025
1.1298553943634033
0.9304156303405762
1.0620291233062744
0.9324076175689697
0.9344127178192139
1.2413904666900635
1.1233489513397217
1.0470263957977295
0.9300880432128906
0.953404426574707
1.0713768005371094
0.9172027111053467
0.9924278259277344
0.8994216918945312
1.1046698093414307
0.9506807327270508
0.8994524478912354
0.9306728839874268
1.6856720447540283
0.9398548603057861
1.1572482585906982
0.9958629608154297
0.9571192264556885
1.1019887924194336
0.896820068359375
1.2494831085205078
0.9493057727813721
0.8576579093933105
1.3243918418884277
0.9134337902069092
1.2027225494384766
0.9540503025054932
1.2223811149597168
0.9103655815124512
0.8011281490325928
1.0060384273529053
1.0652470588684082
0.9816563129425049
0.9396140575408936
0.9239091873168945
0.9257571697235107
0.9064760208129883
1.0927326679229736
0.9147040843963623
0.9317138195037842
0.9201908111572266
0.8953311443328857
0.9284164905548096
1.1843578815460205
0.9069216251373291
1.0736465454101562
0.9105408191680908
1.1251716613769531
0.9805591106414795
0.9845156669616699
0.9208395481109619
0.8972251415252686
0.9184668064117432
1.328528642654419
0.8994393348693848
0.9891359806060791
0.9395532608032227
0.9264352321624756
0.9119601249694824
0.9941267967224121
0.8819913864135742
0.9250874519348145
0.9606659412384033
0.8895668983459473
0.8961515426635742
0.927356481552124
0.8747296333312988
1.6115303039550781
1.0653107166290283
0.9615504741668701
1.0720741748809814
1.0057196617126465
0.9579036235809326
1.0905616283416748
0.916297197341919
1.5454881191253662
0.9647283554077148
0.8965761661529541
0.9249546527862549
0.9134502410888672
0.9527933597564697
0.9172623157501221
0.9572482109069824
0.9343059062957764
0.9890556335449219
0.7823624610900879
1.1823599338531494
1.1761653423309326
0.9955003261566162
1.0122344493865967
1.0708799362182617
1.001694917678833
0.8645579814910889
1.031989336013794
1.026841163635254
0.9658257961273193
0.9719085693359375
0.9450829029083252
0.9679160118103027
0.9360792636871338
0.8628158569335938
1.5316011905670166
1.1501145362854004
0.9448580741882324
0.9123327732086182
1.5734174251556396
1.1251459121704102
0.9555397033691406
0.9525890350341797
1.0652318000793457
0.9462251663208008
0.9706933498382568
0.9395534992218018
0.9888012409210205
0.9383418560028076
0.9434244632720947
1.0580215454101562
1.0597729682922363
0.9804835319519043
0.9802534580230713
0.964533805847168
1.144014596939087
0.935065507888794
1.165616750717163
0.8680622577667236
0.955498456954956
0.9956562519073486
0.912745475769043
0.8980131149291992
1.0063986778259277
0.9947023391723633
0.9064373970031738
0.9631099700927734
0.9004669189453125
0.9928951263427734
0.9192681312561035
0.9565250873565674
0.9293837547302246
0.9700415134429932
0.9350049495697021
0.9535646438598633
1.0892071723937988
0.9917585849761963
0.9309256076812744
0.9234540462493896
0.9315884113311768
0.9128844738006592
0.905937671661377
0.904005765914917
0.916966438293457
0.9283850193023682
0.9346230030059814
0.9053463935852051
0.9990508556365967
1.076974868774414
0.9313530921936035
0.9150900840759277
0.9753601551055908
0.9237568378448486
0.9596257209777832
1.062244176864624
0.8778250217437744
1.4730823040008545
0.9162821769714355
1.0034620761871338
0.9570519924163818
0.9316544532775879
0.9485576152801514
0.9425232410430908
0.9080440998077393
1.0295379161834717
0.9282541275024414
0.9249758720397949
0.9348742961883545
0.9091284275054932
0.8967440128326416
0.9425921440124512
0.9322915077209473
0.9642982482910156
0.9354863166809082
0.8859765529632568
0.9659128189086914
1.0203158855438232
1.1129789352416992
0.9490683078765869
0.9364104270935059
0.8965778350830078
0.9024379253387451
1.0764186382293701
1.0018939971923828
1.177612543106079
1.1046736240386963
1.126638412475586
0.9027972221374512
1.0539422035217285
0.9120941162109375
0.9468083381652832
0.9289631843566895
0.9144003391265869
1.0187373161315918
0.9428524971008301
1.1583402156829834
1.0702335834503174
0.9741122722625732
0.9641599655151367
1.1576073169708252
1.0186569690704346
1.0747268199920654
0.9231956005096436
0.8833866119384766
0.8972861766815186
0.8961770534515381
0.9567844867706299
1.0043418407440186
0.9556567668914795
0.922182559967041
0.946908712387085
0.9200224876403809
0.939603328704834
0.8850712776184082
0.9338135719299316
0.9270436763763428
0.9441213607788086
0.9300954341888428
0.9173851013183594
0.9384846687316895
0.9118919372558594
1.0402717590332031
0.9102880954742432
1.1488511562347412
0.9213287830352783
1.0960261821746826
0.95133376121521
0.8897948265075684
1.393730640411377
0.9313168525695801
0.9026341438293457
0.9566152095794678
0.9269638061523438
1.0308198928833008
0.966038703918457
0.9598021507263184
0.8380715847015381
0.9198317527770996
0.9283626079559326
0.919243574142456
0.9365510940551758
0.9628403186798096
0.9982588291168213
1.1332356929779053
0.922213077545166
1.046374797821045
1.1021718978881836
0.9184305667877197
0.9314320087432861
0.9796984195709229
1.6320528984069824
0.9510304927825928
0.9379425048828125
1.0042848587036133
0.9360020160675049
1.2300095558166504
0.8535177707672119
0.9493849277496338
0.9563751220703125
0.9136092662811279
1.0024728775024414
0.9710202217102051
1.1769654750823975
0.9335227012634277
1.1051084995269775
1.0432679653167725
1.1121833324432373
0.9014408588409424
0.8908414840698242
1.004561185836792
1.0892348289489746
0.9233980178833008
0.9678349494934082
2.191202402114868
1.2888202667236328
0.8526313304901123
0.9377400875091553
1.0438313484191895
0.9817006587982178
0.9154002666473389
0.9367363452911377
1.0106244087219238
0.9037985801696777
0.9392991065979004
0.9728603363037109
1.233426570892334
1.0362250804901123
0.9191436767578125
0.9959671497344971
0.9375326633453369
