1.892087697982788
1.9305915832519531
2.0992891788482666
2.08038067817688
2.067549467086792
2.2534024715423584
1.9961886405944824
2.2596499919891357
1.8554556369781494
2.4156336784362793
2.2961113452911377
2.0137476921081543
2.362637758255005
2.0838162899017334
2.2555277347564697
2.499352216720581
2.0628910064697266
2.27982497215271
2.119601011276245
2.1411759853363037
1.7822387218475342
1.8780906200408936
2.4633970260620117
1.854111909866333
2.336857557296753
2.0997097492218018
2.222545623779297
2.2543766498565674
1.6785523891448975
2.2891173362731934
2.088900089263916
2.1242456436157227
2.2464988231658936
1.795137882232666
2.4496729373931885
2.215860366821289
2.1808536052703857
2.0266265869140625
2.390333414077759
2.2940993309020996
2.1566216945648193
2.245856523513794
2.32173490524292
2.0514848232269287
2.53139066696167
1.899120807647705
2.2230119705200195
2.139458656311035
1.7793052196502686
2.2541308403015137
2.2489726543426514
2.3714096546173096
1.8743367195129395
2.1197471618652344
1.9847135543823242
1.784881591796875
2.255991220474243
1.7822835445404053
2.2854583263397217
2.2913050651550293
2.1885828971862793
2.357365369796753
2.302030563354492
1.7582006454467773
2.1248788833618164
2.1270570755004883
2.407158851623535
2.2181944847106934
1.896336555480957
2.084092617034912
1.9179530143737793
2.294796943664551
1.841381311416626
2.6110332012176514
2.312893867492676
1.8176391124725342
2.4030206203460693
1.895986557006836
1.9794111251831055
2.4955356121063232
1.8566701412200928
2.643376350402832
1.8635101318359375
1.6561434268951416
2.266409158706665
1.7950243949890137
1.8839666843414307
2.376514434814453
2.304356575012207
1.9401624202728271
2.4331324100494385
1.8428363800048828
2.8487260341644287
2.206961154937744
2.2414112091064453
2.0991735458374023
1.8024606704711914
2.1724207401275635
1.836677074432373
2.1113035678863525
1.877497911453247
1.8314838409423828
1.8368902206420898
1.9350898265838623
2.3255233764648438
1.8596196174621582
2.1176977157592773
2.105201482772827
1.8378806114196777
2.3701417446136475
1.8156723976135254
1.9732897281646729
2.404916763305664
2.4642910957336426
1.7973072528839111
2.2035393714904785
1.876981496810913
2.120476007461548
2.260322332382202
1.8404371738433838
2.406163215637207
1.8357656002044678
1.8379590511322021
1.8376660346984863
1.7814011573791504
1.9151358604431152
1.8742871284484863
2.0612919330596924
1.9349067211151123
1.7704389095306396
1.8997862339019775
2.5453577041625977
2.181466579437256
1.692270278930664
1.934776782989502
2.415787935256958
1.8758032321929932
1.8207147121429443
1.8409035205841064
1.9372363090515137
2.273491859436035
2.1713995933532715
1.8407421112060547
1.7965738773345947
2.25469708442688
1.7982239723205566
2.2986257076263428
2.2484254837036133
2.116553783416748
2.225054979324341
1.8568425178527832
2.4336488246917725
2.3322391510009766
2.5741946697235107
2.41149640083313
1.9567091464996338
2.3817503452301025
2.3384697437286377
1.8006253242492676
1.9144988059997559
2.540898561477661
2.017352819442749
1.8396897315979004
2.2736926078796387
1.9024882316589355
2.089684009552002
1.7963011264801025
1.8526906967163086
1.8099803924560547
1.9011337757110596
1.8550662994384766
1.9200396537780762
1.8781476020812988
1.9543523788452148
1.916978120803833
2.220237970352173
2.67390775680542
2.4121410846710205
2.0151171684265137
1.80741286277771
1.8529407978057861
2.2336902618408203
1.9671945571899414
2.245920419692993
2.4812443256378174
1.5789730548858643
1.84013032913208
2.2294533252716064
2.450920343399048
2.4826653003692627
2.2986979484558105
1.8536787033081055
1.7670676708221436
2.2806849479675293
2.0384037494659424
1.805677890777588
2.0510759353637695
3.002324104309082
1.862372875213623
1.7894043922424316
2.175088405609131
1.9730165004730225
1.9557604789733887
1.71718430519104
1.8403265476226807
1.8513638973236084
1.841618299484253
1.896423578262329
1.8325600624084473
2.4204719066619873
2.146876573562622
1.8090593814849854
1.77116060256958
1.961585283279419
2.1941287517547607
1.5167057514190674
2.13782000541687
2.192824125289917
1.8607683181762695
1.8427913188934326
1.801365613937378
1.8943657875061035
2.8947441577911377
1.8215878009796143
2.2769129276275635
1.8190641403198242
2.4611692428588867
2.4572694301605225
1.8163399696350098
1.8572173118591309
2.5253243446350098
1.8177742958068848
1.8443036079406738
2.418458938598633
1.8188753128051758
1.8376374244689941
1.9331066608428955
1.8304831981658936
1.794316291809082
1.9166688919067383
2.3050122261047363
1.8423206806182861
1.883321762084961
2.5077123641967773
1.818781852722168
1.9921479225158691
1.8412768840789795
1.8417332172393799
1.8339319229125977
1.8761110305786133
1.9662282466888428
1.8763117790222168
1.6938245296478271
1.916163682937622
1.9211413860321045
2.245866537094116
2.3976876735687256
2.2576303482055664
2.3423781394958496
1.8434550762176514
1.7635347843170166
1.9747130870819092
1.8190550804138184
1.9742405414581299
1.8011722564697266
1.9274916648864746
1.9590528011322021
1.8726027011871338
2.1814143657684326
2.3813300132751465
2.289146900177002
2.001190662384033
1.9353716373443604
2.084700584411621
1.9992597103118896
1.9162194728851318
1.7825162410736084
2.3622512817382812
2.1055679321289062
2.1101443767547607
1.881969690322876
1.9612715244293213
1.8342998027801514
2.0213122367858887
2.3616456985473633
2.6259958744049072
2.6124069690704346
2.1787874698638916
2.3109190464019775
2.313671112060547
1.8182711601257324
2.4491186141967773
2.5308499336242676
1.799715280532837
1.9415946006774902
1.8293993473052979
2.0166027545928955
2.0171430110931396
2.7152621746063232
1.8210093975067139
2.463599681854248
1.952127456665039
1.8804986476898193
1.8760507106781006
2.101783037185669
2.0554141998291016
1.8039298057556152
1.8334569931030273
2.4731366634368896
1.9584190845489502
1.8616979122161865
2.0025720596313477
2.223090887069702
2.0648529529571533
1.9627652168273926
1.8589887619018555
2.3001441955566406
1.989283561706543
1.8975036144256592
1.9392859935760498
1.7714908123016357
1.8808295726776123
1.8599367141723633
2.0412793159484863
1.9448392391204834
1.6955883502960205
2.1924548149108887
1.9330530166625977
1.9403252601623535
2.0468204021453857
3.01328444480896
2.3469436168670654
2.8853492736816406
1.9949274063110352
1.9338908195495605
2.3030154705047607
2.4488017559051514
1.9570178985595703
2.1719233989715576
1.9994897842407227
3.1003634929656982
1.7719898223876953
2.2243990898132324
1.8776156902313232
1.9593267440795898
1.8325109481811523
1.8574869632720947
2.057703733444214
2.10129976272583
2.283294439315796
1.7393441200256348
1.9002759456634521
1.955338478088379
1.902087926864624
3.1424012184143066
2.0372400283813477
1.7440414428710938
2.6533217430114746
2.111403226852417
1.9345061779022217
1.9672799110412598
1.936924934387207
1.8546350002288818
2.101989507675171
1.8574409484863281
1.7948169708251953
2.353451728820801
2.2287445068359375
2.139943838119507
2.771089792251587
2.7074594497680664
2.3015127182006836
1.9496350288391113
1.8846099376678467
1.8688561916351318
1.910383701324463
2.8223884105682373
2.2824339866638184
2.7658498287200928
1.9941871166229248
2.5634191036224365
2.3579893112182617
2.009805679321289
2.1405415534973145
2.205916166305542
2.0121920108795166
3.1495344638824463
1.7522573471069336
2.3978683948516846
2.4107377529144287
2.1712164878845215
2.220136880874634
2.0978400707244873
2.516157627105713
2.097005844116211
1.9399900436401367
1.934985637664795
2.0152087211608887
2.6373021602630615
1.7721548080444336
1.842010498046875
2.0156795978546143
2.106071710586548
1.9715690612792969
2.1722543239593506
1.8335585594177246
2.6047582626342773
2.2800817489624023
1.9755163192749023
1.914989709854126
2.1242516040802
2.3021628856658936
2.278550624847412
2.546341896057129
3.0011658668518066
1.9607946872711182
2.9863874912261963
2.1716017723083496
2.288196325302124
1.9038467407226562
1.9810137748718262
1.9181020259857178
2.402139186859131
1.9016993045806885
2.353368043899536
2.795299530029297
1.8508234024047852
2.266221761703491
1.976855754852295
1.9456894397735596
2.2400827407836914
2.058842182159424
2.3290622234344482
1.9853084087371826
2.278343915939331
1.8948156833648682
2.385688066482544
2.2733256816864014
2.030474901199341
2.3659746646881104
2.2236111164093018
2.3654391765594482
4.790531158447266
1.9376640319824219
1.9569034576416016
2.101795196533203
1.9601454734802246
1.8514084815979004
2.2932965755462646
1.9376988410949707
2.0342092514038086
1.9595427513122559
1.8189671039581299
2.0196664333343506
1.8140571117401123
2.0089237689971924
1.891728401184082
1.9926283359527588
2.0278186798095703
1.9456846714019775
1.8822095394134521
2.526871681213379
1.7612974643707275
2.505553722381592
2.6681060791015625
2.0167911052703857
1.8904788494110107
1.97413969039917
3.1072299480438232
2.093255043029785
2.03001070022583
1.8941409587860107
1.8227143287658691
2.2371163368225098
3.687729597091675
2.1612894535064697
1.9992032051086426
2.1011440753936768
1.880709171295166
1.981414556503296
2.61650013923645
2.444307804107666
2.0544042587280273
1.934676170349121
2.5209357738494873
2.7898011207580566
2.8340346813201904
2.178710460662842
1.7605867385864258
4.208438158035278
3.7638843059539795
2.1489503383636475
2.0324811935424805
1.9037485122680664
2.06095290184021
2.5821166038513184
2.1828205585479736
1.762951135635376
1.9759411811828613
2.3315646648406982
1.9178197383880615
1.824988603591919
2.063253164291382
2.50541353225708
1.9688982963562012
2.399502992630005
1.8925418853759766
1.8555002212524414
1.9954581260681152
3.8383710384368896
1.9400393962860107
1.9401123523712158
1.8803179264068604
3.8258941173553467
2.520146131515503
1.7966961860656738
2.3061890602111816
2.159910202026367
2.4950757026672363
1.889634609222412
2.0112152099609375
1.9572246074676514
1.933150053024292
2.2989184856414795
2.1979620456695557
2.2324509620666504
1.998384714126587
2.26053786277771
2.3080315589904785
2.9987776279449463
1.9266138076782227
1.96016526222229
1.8617384433746338
2.5196754932403564
1.8774983882904053
1.898139238357544
2.542853355407715
2.1676032543182373
1.9589776992797852
3.0410962104797363
2.1924989223480225
2.2146108150482178
1.8927745819091797
1.8868534564971924
1.8828718662261963
1.8838837146759033
2.0242133140563965
1.8595941066741943
1.9895453453063965
2.480173349380493
1.9199426174163818
1.8771648406982422
2.6422066688537598
1.8599367141723633
1.9745829105377197
2.4799811840057373
2.001553773880005
2.0154976844787598
2.0230302810668945
2.335960865020752
1.9183719158172607
2.244065523147583
1.8550360202789307
1.8533811569213867
3.6194331645965576
1.9352149963378906
2.1215641498565674
2.043436288833618
1.8972020149230957
2.3345212936401367
2.406867027282715
1.8802518844604492
1.9317727088928223
2.2151505947113037
2.5099616050720215
1.8807156085968018
2.260859727859497
3.5594120025634766
2.3679988384246826
2.8850111961364746
2.0040078163146973
2.2843313217163086
1.9370133876800537
1.835681438446045
2.6805002689361572
1.8953535556793213
2.276247978210449
2.442436933517456
2.6108529567718506
2.335808515548706
2.8394553661346436
2.05324125289917
2.059121608734131
1.9578592777252197
2.0865025520324707
1.8345844745635986
1.9356112480163574
2.1993906497955322
3.2531838417053223
2.1194303035736084
2.958024740219116
3.6954469680786133
1.8582954406738281
2.6909074783325195
2.4799206256866455
2.1113710403442383
2.5882792472839355
3.555682420730591
2.745422840118408
2.0063071250915527
2.1026039123535156
2.336310863494873
1.6937081813812256
3.151402235031128
1.9158430099487305
1.8358170986175537
1.9378254413604736
2.262327194213867
2.3295657634735107
2.378382444381714
2.7925946712493896
1.9989099502563477
2.244093179702759
1.875108242034912
1.8911786079406738
1.9804463386535645
1.8206493854522705
2.1009600162506104
1.8971638679504395
2.129828453063965
2.3689510822296143
1.7910547256469727
2.569579839706421
2.302523612976074
1.8430120944976807
1.801192283630371
2.7630579471588135
2.276869297027588
1.9782540798187256
1.9576520919799805
1.8542673587799072
1.9550235271453857
2.4433863162994385
3.3008954524993896
2.3668742179870605
1.938983678817749
1.837296962738037
2.1214969158172607
2.4311206340789795
3.1948390007019043
1.9332122802734375
1.8200440406799316
1.875182867050171
2.529881000518799
1.981619119644165
7.454678297042847
1.900745153427124
1.9296762943267822
2.4976749420166016
1.7182645797729492
2.1303393840789795
2.2190942764282227
2.0343616008758545
1.9187557697296143
2.335442543029785
1.9429259300231934
2.2832181453704834
1.8790507316589355
1.897676944732666
1.9121663570404053
2.187551259994507
1.8341116905212402
1.8175692558288574
2.194011688232422
1.981135368347168
1.9565892219543457
2.47457218170166
1.9812321662902832
2.1186459064483643
2.0730772018432617
1.9354338645935059
1.9207758903503418
1.8954200744628906
2.1001646518707275
2.5105578899383545
2.1042544841766357
1.698744535446167
2.3860065937042236
1.9359734058380127
1.8386523723602295
2.3072001934051514
2.1131818294525146
2.17915415763855
2.1225273609161377
2.226780652999878
2.422492504119873
1.8363151550292969
1.8813836574554443
2.0700345039367676
2.302692413330078
2.8216609954833984
1.9583678245544434
2.958263635635376
3.5902798175811768
1.9978587627410889
1.835387945175171
3.1896939277648926
2.5578556060791016
2.5621397495269775
2.178156614303589
2.360304594039917
1.8902933597564697
1.8358724117279053
2.2618513107299805
1.9859719276428223
2.5195810794830322
2.021852493286133
2.1278109550476074
1.942183494567871
3.1954870223999023
2.015385389328003
1.9766762256622314
1.9024043083190918
2.1425657272338867
1.918445110321045
1.8759148120880127
3.2749524116516113
2.1640212535858154
1.8387103080749512
1.8958513736724854
1.9567821025848389
2.274683713912964
1.8798437118530273
1.941645622253418
2.730334520339966
2.2152674198150635
2.6665873527526855
2.092694044113159
2.0889453887939453
1.92988920211792
1.8796906471252441
2.082608222961426
2.01639986038208
1.9016985893249512
1.8532075881958008
1.940321922302246
2.0689454078674316
1.9160397052764893
2.1810224056243896
1.874737024307251
2.2024548053741455
2.4319379329681396
2.118155002593994
2.1553149223327637
1.9784715175628662
1.8751790523529053
2.5458853244781494
1.961876630783081
2.072152614593506
3.7743964195251465
2.201728582382202
1.8587305545806885
1.8830432891845703
3.3897650241851807
1.8303098678588867
1.9422869682312012
1.9367866516113281
2.3950729370117188
2.1277170181274414
2.3785715103149414
2.1825814247131348
2.0770559310913086
1.9943180084228516
2.1387643814086914
2.0223026275634766
2.0746259689331055
2.042186975479126
2.733794689178467
2.1974940299987793
2.1772892475128174
4.250674724578857
2.0216572284698486
1.8913679122924805
2.0974113941192627
1.8603267669677734
2.233273983001709
2.6399621963500977
4.375715255737305
2.0949254035949707
1.8009607791900635
2.2775158882141113
1.9190523624420166
2.364940881729126
2.2528719902038574
3.622042179107666
1.8527278900146484
2.416074752807617
2.3172857761383057
1.9158742427825928
1.8158440589904785
1.635373830795288
2.054475784301758
2.0983073711395264
1.9627327919006348
1.910308599472046
1.851534128189087
2.0491082668304443
2.1566884517669678
1.8553719520568848
2.094151496887207
2.0317227840423584
2.5420305728912354
1.9493298530578613
1.9237701892852783
2.0895535945892334
1.923344373703003
1.8980820178985596
1.9810969829559326
2.1745922565460205
1.9411072731018066
3.720531463623047
2.0141074657440186
2.171109914779663
1.8954057693481445
1.98956298828125
1.816633939743042
2.889863967895508
2.2232911586761475
3.725184440612793
2.014392375946045
2.001540184020996
2.0252270698547363
2.079512119293213
2.6029460430145264
1.9092934131622314
1.9072771072387695
2.097917318344116
1.7777106761932373
1.9804737567901611
1.9958889484405518
2.8322033882141113
2.566286325454712
1.9953627586364746
1.8941986560821533
1.8403899669647217
2.6976497173309326
2.746105670928955
1.9573910236358643
1.856222152709961
1.927438497543335
2.045947313308716
1.8800325393676758
2.697056293487549
1.883725881576538
2.557286262512207
2.095963716506958
2.2098782062530518
2.295699119567871
2.0420854091644287
1.9789559841156006
1.8251945972442627
3.062394380569458
1.9609756469726562
2.1988282203674316
2.2945268154144287
2.1623451709747314
2.5490269660949707
2.25337553024292
2.1842312812805176
2.1946051120758057
1.8999075889587402
2.190195322036743
2.019559621810913
1.8622376918792725
2.0100276470184326
2.397080898284912
2.3544342517852783
1.9744641780853271
2.422450065612793
1.9389886856079102
1.9224660396575928
2.1989614963531494
2.36645770072937
2.0678155422210693
2.2698516845703125
2.135697841644287
2.3919713497161865
3.2644565105438232
1.987391471862793
2.102602243423462
1.7810559272766113
2.1699368953704834
2.3446075916290283
2.9808359146118164
2.2885069847106934
2.2157647609710693
1.9582078456878662
2.0170791149139404
2.24895977973938
1.9005262851715088
2.4401674270629883
2.232440710067749
1.8249616622924805
2.115408420562744
3.089737892150879
2.0179531574249268
1.9389965534210205
2.1592485904693604
2.9333105087280273
2.01444673538208
1.9388117790222168
2.342501401901245
2.159510612487793
2.1382546424865723
2.883603572845459
2.3379671573638916
2.275341749191284
2.9376444816589355
2.095689058303833
2.2172296047210693
2.45737624168396
2.145275115966797
1.9778618812561035
1.8211605548858643
1.8994343280792236
2.094433307647705
2.3263144493103027
2.385059356689453
2.2136287689208984
2.012394428253174
2.1930835247039795
2.21944260597229
1.9772701263427734
2.156196117401123
1.954402208328247
2.140183210372925
1.9037480354309082
1.9746410846710205
1.9556598663330078
2.1980268955230713
2.176297426223755
2.1099636554718018
2.086577892303467
1.957158088684082
2.078036308288574
2.1927218437194824
2.1479532718658447
3.2250847816467285
2.0915849208831787
2.5036330223083496
2.192546844482422
1.9059491157531738
2.173508882522583
2.0278749465942383
1.9901010990142822
1.9337258338928223
2.1577181816101074
1.9204013347625732
1.9633805751800537
2.123379707336426
2.1943018436431885
1.863696575164795
2.3526129722595215
2.060872793197632
1.797748327255249
2.0163164138793945
1.9733893871307373
1.6907477378845215
1.947305679321289
1.8972678184509277
1.9628491401672363
2.021919012069702
1.9556853771209717
2.34306001663208
2.309004783630371
2.3160784244537354
1.8778743743896484
2.144383430480957
2.605499029159546
2.3558244705200195
1.9205231666564941
1.7107348442077637
6.107550859451294
1.934741735458374
1.8856151103973389
2.3022422790527344
1.9993305206298828
2.135850191116333
1.958362102508545
1.984445333480835
2.2437334060668945
2.205385446548462
1.7992916107177734
2.808458089828491
2.609551191329956
2.355441093444824
1.7983379364013672
1.925396203994751
1.9930105209350586
1.9976558685302734
1.7365150451660156
2.4060702323913574
2.057898998260498
2.5976407527923584
2.9624762535095215
2.3855485916137695
1.7131152153015137
1.8788080215454102
2.352478265762329
2.425344467163086
3.4877257347106934
1.8570945262908936
2.1561615467071533
2.1472907066345215
1.8558928966522217
1.8390729427337646
2.3377604484558105
1.9999027252197266
1.9809436798095703
2.1997997760772705
1.9324533939361572
1.7709853649139404
1.882457971572876
1.8532392978668213
2.0281178951263428
2.4899704456329346
2.6816117763519287
1.9232254028320312
2.2655186653137207
1.9417648315429688
1.8208975791931152
2.146700382232666
2.041670560836792
2.160510540008545
1.9328703880310059
1.830103874206543
2.3039305210113525
1.8512463569641113
2.0326087474823
1.954824447631836
2.4827826023101807
2.18156099319458
2.3522355556488037
2.4409306049346924
2.1408841609954834
2.501521348953247
2.0262234210968018
1.797391414642334
1.78269624710083
3.1948676109313965
1.8831799030303955
1.9309310913085938
1.9015157222747803
1.8833975791931152
2.035795211791992
1.9507524967193604
1.995826005935669
1.8746817111968994
1.9011728763580322
3.4116289615631104
2.0946288108825684
2.1674394607543945
1.8442978858947754
1.9101731777191162
2.350189208984375
1.957547664642334
2.170647621154785
2.1190671920776367
1.8996362686157227
2.2573862075805664
1.8803787231445312
1.7514936923980713
1.9696385860443115
2.0043065547943115
1.9197156429290771
1.941328763961792
2.5736591815948486
2.012946128845215
2.038174867630005
1.8447439670562744
1.7944626808166504
2.3630948066711426
1.9511771202087402
2.2326560020446777
1.8067097663879395
2.3546130657196045
2.2527995109558105
3.71347713470459
1.8361718654632568
2.0738813877105713
2.26665997505188
2.025909185409546
2.018362045288086
1.8719780445098877
2.0136067867279053
2.3992249965667725
1.8970370292663574
2.1957180500030518
2.0204052925109863
2.294780731201172
2.2776310443878174
2.214550018310547
1.9948828220367432
2.1894912719726562
2.2421669960021973
1.9155690670013428
1.864135980606079
1.8334827423095703
2.1244308948516846
2.522517204284668
2.0315890312194824
2.1045196056365967
2.2769181728363037
2.1871864795684814
1.7391002178192139
2.040222406387329
2.5437684059143066
2.4343514442443848
2.2804417610168457
1.9218051433563232
1.8845868110656738
2.404142379760742
2.0526621341705322
3.8082380294799805
2.519864082336426
1.859666109085083
1.8138947486877441
2.0241711139678955
2.0734341144561768
2.001957416534424
2.0482003688812256
2.4579474925994873
2.259398937225342
2.1524603366851807
1.8748652935028076
2.359856128692627
2.925111770629883
2.4236488342285156
2.852674722671509
1.9222185611724854
2.157458782196045
1.943333387374878
2.0547163486480713
2.079552412033081
2.011812210083008
2.194258451461792
2.139662742614746
1.8628277778625488
3.3951871395111084
2.628018617630005
1.9972765445709229
2.4080893993377686
2.135099172592163
2.034452438354492
2.1748881340026855
1.7324767112731934
2.1232237815856934
2.0150089263916016
1.9548516273498535
2.048910140991211
2.5340185165405273
2.3860206604003906
2.039945602416992
1.8769230842590332
1.9360685348510742
2.0070507526397705
2.6967926025390625
2.0767714977264404
2.105454444885254
2.4936764240264893
1.9169352054595947
1.592818021774292
2.029357671737671
1.986663579940796
3.1139934062957764
1.8143956661224365
2.011101007461548
2.2950358390808105
1.80007004737854
1.8194403648376465
2.1433188915252686
2.580937147140503
2.80064058303833
1.997307300567627
1.9161338806152344
1.8810944557189941
3.010997772216797
2.510653495788574
2.255147933959961
2.4132919311523438
2.2176413536071777
2.5749804973602295
2.3782596588134766
1.9645485877990723
1.7375435829162598
1.8551292419433594
1.8088810443878174
2.4484989643096924
1.9132802486419678
1.834742546081543
2.265928268432617
2.6680753231048584
1.9514820575714111
2.22483229637146
2.4925601482391357
1.9002506732940674
2.3232016563415527
2.093254566192627
1.9800622463226318
1.890174150466919
2.957378387451172
2.105300188064575
2.669800043106079
1.6781189441680908
2.136282205581665
1.9421420097351074
1.8735971450805664
1.9208762645721436
2.3081305027008057
1.9147734642028809
1.822479248046875
1.8745381832122803
1.8736743927001953
2.4483211040496826
2.0020833015441895
1.7740485668182373
1.8558363914489746
1.8513307571411133
2.570039987564087
2.313936948776245
2.696753978729248
2.5685975551605225
2.811616897583008
2.319683074951172
1.9160494804382324
2.0504345893859863
2.061770439147949
2.390310287475586
1.8804998397827148
2.029265880584717
1.895322322845459
2.766148328781128
1.9337217807769775
2.329226493835449
1.8016283512115479
1.8791992664337158
1.7818121910095215
3.3269760608673096
2.0001983642578125
2.192908763885498
1.8631350994110107
2.1945223808288574
1.839069128036499
2.2305312156677246
1.8996624946594238
2.116854667663574
1.9798603057861328
1.6615967750549316
1.964763879776001
1.860180139541626
3.0342845916748047
1.9559638500213623
2.155198812484741
2.8649487495422363
1.9597194194793701
2.488739013671875
2.4118292331695557
1.961303472518921
2.2769739627838135
1.859175443649292
2.109381675720215
1.8141908645629883
1.8214640617370605
2.0390899181365967
2.035632371902466
2.3563101291656494
1.9193198680877686
2.241380453109741
2.284924268722534
1.833493709564209
1.9801526069641113
1.898313283920288
1.877927541732788
2.2808401584625244
2.3745012283325195
2.371150016784668
1.978011131286621
1.899366855621338
2.078526020050049
1.8579471111297607
2.5820889472961426
2.1978065967559814
2.175363779067993
2.3393027782440186
2.4909567832946777
1.8852989673614502
2.7024145126342773
1.9220950603485107
2.190416097640991
2.2509498596191406
1.840280294418335
1.8915197849273682
1.8422214984893799
2.000932216644287
2.166679859161377
1.9723243713378906
3.0522656440734863
2.2947940826416016
1.7573630809783936
1.7902717590332031
2.204411029815674
2.3486173152923584
1.953864336013794
1.8551695346832275
1.9175646305084229
1.8574705123901367
1.8509438037872314
1.9355905055999756
2.0820164680480957
2.0755982398986816
2.2290308475494385
2.0323925018310547
1.9380433559417725
2.3188042640686035
1.8850419521331787
1.802316665649414
1.832766056060791
2.171496868133545
2.26424503326416
1.9795644283294678
1.819627285003662
2.977271556854248
2.253542423248291
1.6599550247192383
1.9766523838043213
1.853766679763794
1.8512864112854004
2.1359455585479736
1.8625233173370361
1.8941192626953125
1.9416587352752686
1.863837718963623
1.92319655418396
1.8998847007751465
1.8199715614318848
1.8799777030944824
1.9813332557678223
1.8763110637664795
1.8613076210021973
1.911681890487671
1.940384864807129
1.9739813804626465
1.8770036697387695
2.006532669067383
2.2290408611297607
2.074023485183716
3.0280725955963135
1.9608025550842285
2.632223129272461
2.0691256523132324
2.4537301063537598
1.9425992965698242
1.837491512298584
3.1597368717193604
1.8950612545013428
2.008375883102417
1.8846628665924072
2.976167678833008
2.805054187774658
1.9002633094787598
1.9903526306152344
2.2180278301239014
1.620847225189209
1.8954589366912842
2.1379764080047607
1.8520643711090088
1.9788987636566162
2.8168892860412598
2.2235770225524902
2.032090425491333
1.9541337490081787
1.9512121677398682
1.9725053310394287
1.8350679874420166
1.8737027645111084
1.8556468486785889
1.894899845123291
1.933351755142212
1.7876465320587158
2.001387596130371
1.9615058898925781
3.649601459503174
1.929227352142334
1.9119434356689453
1.911029577255249
2.0737853050231934
2.8254261016845703
2.151510000228882
1.8576829433441162
1.958237886428833
1.6979820728302002
1.9360930919647217
2.0486340522766113
2.448887825012207
2.27876615524292
2.461000442504883
2.9829697608947754
2.3740053176879883
1.9389867782592773
2.212986707687378
2.0186991691589355
2.1825766563415527
1.88863205909729
2.097614288330078
2.4725394248962402
2.3248205184936523
1.9244837760925293
1.697925090789795
1.6134986877441406
1.980640172958374
2.277501344680786
1.9363923072814941
2.0344958305358887
1.9789776802062988
2.101841449737549
1.9978570938110352
1.9021117687225342
1.934274673461914
2.3835253715515137
2.093792676925659
2.099411725997925
1.8783917427062988
1.871025562286377
2.2354736328125
1.9031875133514404
2.1016335487365723
2.0188653469085693
1.9511008262634277
1.8440754413604736
1.857792615890503
1.8769240379333496
2.1322712898254395
2.0489869117736816
2.098015546798706
1.8780138492584229
2.239297389984131
2.360330581665039
1.9944570064544678
2.3002877235412598
2.8873565196990967
1.903390645980835
1.8794386386871338
1.8792002201080322
1.8146376609802246
1.8225789070129395
1.953573226928711
2.177567481994629
1.7817246913909912
1.919931173324585
2.0994319915771484
1.9356753826141357
1.8933160305023193
2.2445785999298096
2.0172390937805176
1.7712385654449463
2.095116138458252
1.7740919589996338
1.9139776229858398
2.006804943084717
2.0931169986724854
1.9416651725769043
2.1936254501342773
1.878633737564087
1.7955994606018066
2.063232898712158
1.9523944854736328
1.941962480545044
2.15122127532959
1.852759838104248
2.013674259185791
2.060214042663574
1.9837684631347656
2.023818016052246
2.372325897216797
1.8829574584960938
1.9382436275482178
2.5646958351135254
4.649090051651001
1.717195987701416
2.0506129264831543
1.8581366539001465
2.199906587600708
2.2208662033081055
1.8984465599060059
1.853362798690796
1.9451355934143066
2.0841360092163086
2.159510612487793
1.9763274192810059
1.9927518367767334
1.9884638786315918
2.017019510269165
1.8969476222991943
2.2030718326568604
2.2213237285614014
2.0613296031951904
1.9041523933410645
1.9738280773162842
2.195984125137329
3.0714616775512695
1.9372119903564453
2.782864809036255
2.0367848873138428
1.8171813488006592
1.993319034576416
1.977332592010498
1.9215421676635742
2.0173792839050293
2.081099033355713
2.614720582962036
2.066283702850342
1.858506679534912
2.6690757274627686
2.104600667953491
2.1567397117614746
1.9825897216796875
1.9006729125976562
2.1913559436798096
2.0318970680236816
2.5681960582733154
1.7022933959960938
1.8768908977508545
2.231276512145996
2.506047248840332
2.0081307888031006
1.9192419052124023
1.8408000469207764
2.206221342086792
2.409106731414795
1.8018255233764648
1.8807077407836914
1.8794822692871094
2.6460278034210205
1.846259355545044
2.3584916591644287
2.4194834232330322
1.9384088516235352
1.973881721496582
2.019195079803467
1.916466474533081
1.8338656425476074
3.1234591007232666
1.9345307350158691
1.7003905773162842
2.0044827461242676
1.9471173286437988
1.9137682914733887
1.8948266506195068
1.9435703754425049
1.9812049865722656
1.955517053604126
1.834885835647583
2.4515233039855957
2.15443754196167
1.7744019031524658
2.157151937484741
1.995084524154663
1.8484265804290771
1.8040494918823242
3.0076792240142822
2.1367897987365723
1.943969964981079
1.890437126159668
2.525134325027466
2.3879518508911133
2.226670980453491
2.33662486076355
2.153655529022217
1.8768141269683838
1.962768793106079
1.8427925109863281
2.132171392440796
2.114314556121826
1.839134931564331
1.9029569625854492
2.403855800628662
2.063816547393799
1.7584235668182373
1.7968640327453613
3.240490436553955
1.8549704551696777
2.0920662879943848
1.9330501556396484
2.15132737159729
1.9343407154083252
2.621994972229004
2.097121238708496
2.0162222385406494
1.8468358516693115
1.787536382675171
1.919740915298462
1.817824363708496
2.1832189559936523
2.195934772491455
1.890244960784912
1.9368290901184082
1.6342637538909912
1.879885196685791
2.035651445388794
2.1616759300231934
1.869802713394165
1.9421617984771729
1.916025161743164
1.762948751449585
1.8978793621063232
2.48514986038208
1.9017584323883057
2.1831536293029785
1.9247612953186035
2.456864356994629
2.0691866874694824
1.922699213027954
1.8525164127349854
2.0989434719085693
2.0583224296569824
2.023374557495117
1.7956321239471436
1.8586208820343018
2.6954023838043213
2.8707783222198486
1.8529646396636963
2.281609535217285
1.9028904438018799
1.8994743824005127
2.5633695125579834
2.984173536300659
1.8412361145019531
1.822019338607788
2.2163171768188477
2.2342689037323
1.9778611660003662
2.0198676586151123
1.8695852756500244
1.8995819091796875
1.7544479370117188
1.6380701065063477
1.9578697681427002
1.8588647842407227
2.0024468898773193
1.9264466762542725
1.881495714187622
1.9785940647125244
2.08494234085083
1.9955153465270996
2.0361995697021484
2.177790880203247
2.011617422103882
2.1430044174194336
2.005382537841797
1.8868894577026367
2.0398800373077393
2.1099376678466797
2.2127981185913086
1.8017327785491943
1.8746883869171143
2.323885917663574
1.863556146621704
1.9626507759094238
2.0021958351135254
1.8930397033691406
1.9416530132293701
2.723188638687134
2.293658494949341
2.537659168243408
2.2985141277313232
1.9015545845031738
2.021573066711426
1.9179315567016602
1.860077142715454
1.832036018371582
2.2756271362304688
1.8777332305908203
2.092586040496826
1.8629968166351318
1.9967336654663086
1.7800402641296387
2.0923867225646973
1.9131231307983398
1.936030626296997
1.9971599578857422
1.761504888534546
1.9529688358306885
2.010864734649658
2.664663314819336
2.0531861782073975
1.7342400550842285
1.8736560344696045
1.8711292743682861
1.935096263885498
1.8575248718261719
1.9625980854034424
2.3956215381622314
2.7648391723632812
2.5199391841888428
1.7808725833892822
1.8183460235595703
1.877096176147461
1.9167966842651367
1.8931291103363037
2.8182108402252197
2.366722583770752
2.047250986099243
2.072500705718994
1.919693946838379
1.987297534942627
1.8598365783691406
1.8429193496704102
1.8806908130645752
1.824441909790039
2.0160419940948486
1.9645557403564453
1.8330903053283691
1.838031530380249
2.289780616760254
1.9890062808990479
1.915501356124878
1.6999075412750244
1.738652229309082
1.8528423309326172
1.8817267417907715
1.8901820182800293
1.982163667678833
1.8781921863555908
3.1246633529663086
2.0104963779449463
2.0904555320739746
2.240368127822876
1.882321834564209
2.0142405033111572
1.8173458576202393
2.0317845344543457
1.976426124572754
2.6024417877197266
2.0506744384765625
2.536468267440796
2.6217854022979736
1.9142396450042725
2.553776979446411
1.8600428104400635
1.9443368911743164
1.9369442462921143
1.8774361610412598
1.9947750568389893
1.8168365955352783
2.0379369258880615
2.139996290206909
1.8932204246520996
1.910843849182129
1.9365246295928955
2.3392021656036377
1.876915454864502
1.9292166233062744
1.9412391185760498
1.9182825088500977
2.2693984508514404
1.9005355834960938
1.9068095684051514
1.8182847499847412
2.5942435264587402
2.011104106903076
1.9419832229614258
2.49812388420105
2.0382440090179443
1.915395975112915
2.595081329345703
2.627553701400757
1.8432068824768066
1.9682152271270752
1.9201717376708984
1.9985299110412598
1.9140231609344482
2.036067008972168
2.4027316570281982
2.124680757522583
1.8377149105072021
1.9412574768066406
2.173781394958496
2.470775604248047
2.0599710941314697
1.8149690628051758
1.8322911262512207
1.9027576446533203
1.920501470565796
1.9203341007232666
1.8640246391296387
2.1356749534606934
1.8687968254089355
2.2822980880737305
2.079815149307251
2.456822395324707
1.855015516281128
2.001235008239746
3.0712881088256836
1.8389668464660645
1.9124822616577148
1.9029467105865479
1.7400751113891602
2.095466375350952
1.9003591537475586
2.019449472427368
1.9446630477905273
1.7996351718902588
2.0093774795532227
1.8220233917236328
1.968141794204712
1.7825074195861816
1.8940997123718262
1.912848711013794
1.8353121280670166
1.9220225811004639
1.5509023666381836
1.8540780544281006
1.9806458950042725
1.9768602848052979
1.8179216384887695
1.9841623306274414
1.972388505935669
2.6454479694366455
1.8685154914855957
1.850024700164795
1.8363902568817139
1.7765133380889893
1.956573486328125
1.9618208408355713
1.8716042041778564
1.9239671230316162
1.7946090698242188
2.2332563400268555
1.817173719406128
1.9036614894866943
2.3321385383605957
1.851982593536377
1.8578293323516846
1.994997501373291
1.9386038780212402
1.9392952919006348
1.920621633529663
2.5001862049102783
1.9718692302703857
1.9229300022125244
1.9195623397827148
1.8623321056365967
1.7791094779968262
1.757995367050171
2.001112699508667
1.882206916809082
2.1264383792877197
1.874753475189209
2.014298439025879
1.913421630859375
1.8592147827148438
2.540090560913086
1.9607582092285156
1.8566694259643555
1.8417651653289795
1.7979075908660889
2.566464900970459
2.2207789421081543
2.645329713821411
1.9627537727355957
1.8729021549224854
1.902064561843872
1.85642409324646
1.8410894870758057
1.8573956489562988
1.9364542961120605
1.5935263633728027
2.138115406036377
1.5799751281738281
2.1645009517669678
1.9130825996398926
1.8563764095306396
1.8572115898132324
2.0525946617126465
1.8811287879943848
2.5090372562408447
1.9564976692199707
1.8570756912231445
2.231631278991699
1.9771897792816162
2.003842830657959
1.820061206817627
2.1801140308380127
2.544466495513916
1.8911373615264893
2.065115451812744
1.9196321964263916
1.8934402465820312
2.204025983810425
2.518766164779663
2.183492422103882
1.876051902770996
2.052828550338745
2.2563836574554443
1.8226675987243652
2.293159008026123
2.060978651046753
1.9029972553253174
2.2778067588806152
3.034848213195801
1.9777095317840576
2.7495665550231934
1.8455314636230469
1.9115383625030518
2.3211987018585205
2.0037636756896973
2.082730293273926
2.0321624279022217
1.7740709781646729
2.2023730278015137
1.8978357315063477
1.8725793361663818
2.162731409072876
2.0139479637145996
2.5201263427734375
1.8154211044311523
1.9803211688995361
2.53061580657959
2.0624196529388428
1.935821771621704
2.6298530101776123
1.9742999076843262
1.9401814937591553
1.9942657947540283
1.8151977062225342
2.4703869819641113
2.145512342453003
2.128206968307495
2.0618093013763428
1.83614182472229
2.245509386062622
1.921116590499878
2.1951873302459717
1.8427631855010986
2.13417649269104
1.8140978813171387
1.7983903884887695
2.4980013370513916
1.6757168769836426
3.2719531059265137
1.8564536571502686
1.8403847217559814
1.8358845710754395
1.736238956451416
2.0170841217041016
1.860908031463623
1.9212594032287598
2.0410311222076416
2.2113211154937744
2.358687162399292
2.1988589763641357
2.939119338989258
1.7930254936218262
2.7182559967041016
2.3521783351898193
2.027433395385742
2.001744508743286
1.8985588550567627
1.8207032680511475
1.8261737823486328
1.8963422775268555
1.9235119819641113
1.8454606533050537
1.9041624069213867
1.9693145751953125
1.9214134216308594
2.0945892333984375
2.1144461631774902
2.0168001651763916
1.9836359024047852
1.8209552764892578
1.9758517742156982
2.1940624713897705
1.9338181018829346
2.192786931991577
2.0234622955322266
1.882573127746582
1.86702299118042
1.8590707778930664
2.2901241779327393
1.9778900146484375
1.875457763671875
2.1904377937316895
2.2380640506744385
1.9790887832641602
1.9188907146453857
2.5805928707122803
2.081303358078003
2.071439743041992
1.8614859580993652
2.0439088344573975
2.6862690448760986
1.939744472503662
1.7378814220428467
2.217517137527466
1.8332645893096924
2.0767006874084473
1.9265892505645752
2.5415167808532715
1.9436650276184082
2.4459378719329834
1.831730842590332
2.0349502563476562
3.360431671142578
1.8606460094451904
1.998304843902588
2.180894136428833
1.8453288078308105
1.9028613567352295
1.9211068153381348
2.1819162368774414
1.968505859375
2.0410149097442627
3.236264705657959
1.9014954566955566
1.8993425369262695
2.6346654891967773
1.9177274703979492
1.9644582271575928
1.9516887664794922
2.3193461894989014
1.6640090942382812
2.1603283882141113
1.8549656867980957
1.8958148956298828
1.9138669967651367
1.8408551216125488
1.923149585723877
1.8795249462127686
1.792595386505127
3.4114251136779785
1.9886798858642578
1.877739429473877
1.8239095211029053
2.1051647663116455
2.2586922645568848
1.9450874328613281
1.798020601272583
1.9565207958221436
1.757587194442749
2.108943223953247
2.937479257583618
1.858884572982788
1.7417888641357422
2.30818247795105
1.8952689170837402
1.9007575511932373
2.299269199371338
2.2771966457366943
2.1550841331481934
1.9197461605072021
1.8788738250732422
1.9012386798858643
2.300344944000244
2.543802261352539
1.7759971618652344
1.9414300918579102
1.8966424465179443
2.8857595920562744
1.8802990913391113
1.8816051483154297
1.6380631923675537
2.877251386642456
1.8157789707183838
1.8609681129455566
1.974071979522705
1.9094433784484863
2.38006854057312
2.594421625137329
1.7597687244415283
2.8277711868286133
2.150723695755005
1.9696297645568848
1.8819849491119385
1.8776576519012451
1.7787599563598633
2.011836051940918
2.2972991466522217
1.9155664443969727
1.837080478668213
1.9166147708892822
2.1380910873413086
1.9858908653259277
1.9424488544464111
2.0579817295074463
1.9643166065216064
1.8751780986785889
1.9361772537231445
2.0544049739837646
1.8737413883209229
2.116049289703369
2.00893235206604
1.9532570838928223
1.936077356338501
2.0359792709350586
2.650602102279663
2.5574278831481934
2.1589910984039307
1.893702507019043
1.8124604225158691
1.8931562900543213
1.917085886001587
1.8193387985229492
1.9743683338165283
2.4144842624664307
1.900663137435913
1.8608884811401367
1.9593989849090576
1.8825867176055908
2.3389220237731934
1.7200486660003662
1.8840720653533936
2.041696310043335
1.7808492183685303
1.8354616165161133
1.9049465656280518
2.5113744735717773
2.6333465576171875
1.9418056011199951
2.331578016281128
2.0527141094207764
2.3713796138763428
2.1358377933502197
2.1634395122528076
1.8710520267486572
1.9144556522369385
1.835139274597168
2.0171334743499756
2.0676755905151367
2.0288145542144775
2.236870765686035
2.084364175796509
2.590906858444214
1.9543256759643555
1.9536681175231934
2.5216593742370605
1.9788949489593506
3.216466188430786
1.7950525283813477
1.9358808994293213
1.934699296951294
2.077526807785034
2.0163393020629883
2.233976125717163
2.1022613048553467
1.872497320175171
1.803877592086792
2.1789357662200928
3.436331033706665
2.339215040206909
2.146298885345459
2.714597225189209
1.816453456878662
1.9768619537353516
1.7552695274353027
2.419978141784668
1.8829491138458252
1.898829698562622
2.108339786529541
1.9383347034454346
2.5226409435272217
1.8389573097229004
1.9918239116668701
2.137528657913208
2.0202465057373047
2.327284097671509
1.9408338069915771
1.793614149093628
1.7252578735351562
2.3153700828552246
2.004396677017212
2.01662015914917
1.9113867282867432
1.8742434978485107
1.91837739944458
1.9349617958068848
2.1419429779052734
2.7815780639648438
1.8147916793823242
1.9606316089630127
1.8381891250610352
2.2594780921936035
1.834688663482666
2.126396894454956
1.9564523696899414
1.8518366813659668
1.838033676147461
1.9115548133850098
2.1520590782165527
1.7965407371520996
1.8215513229370117
2.551093578338623
1.9741506576538086
1.8438897132873535
2.026926040649414
1.9602832794189453
1.879136323928833
1.9206533432006836
2.291731119155884
2.715926170349121
1.9146649837493896
1.8723149299621582
2.4118568897247314
2.1163089275360107
2.076805353164673
2.175588607788086
2.0604560375213623
1.880255937576294
3.236294746398926
1.801692008972168
2.374530076980591
1.8633737564086914
3.0529701709747314
2.1233906745910645
1.9075181484222412
1.9612150192260742
1.88270902633667
1.997938871383667
1.9613394737243652
1.8746707439422607
1.9848568439483643
2.224487781524658
1.9144408702850342
1.915675401687622
1.8891525268554688
1.938307523727417
1.9376583099365234
1.8572804927825928
1.8510379791259766
1.8960192203521729
1.91322660446167
1.801389455795288
1.8758108615875244
1.9326279163360596
2.0942904949188232
2.0103936195373535
2.0938401222229004
2.235290765762329
1.8644828796386719
1.922769546508789
1.816279649734497
2.0736887454986572
2.4542205333709717
1.938582181930542
2.096972703933716
1.7405788898468018
1.9589099884033203
2.023219108581543
1.8803372383117676
1.933560848236084
2.022078037261963
1.9943528175354004
2.4045724868774414
1.8717987537384033
2.005763530731201
2.037233591079712
2.700120687484741
1.9754631519317627
1.8575973510742188
2.059990406036377
2.0128753185272217
2.770164728164673
2.2987728118896484
2.3176076412200928
2.4795074462890625
1.8819506168365479
1.9263050556182861
2.137782335281372
2.167788028717041
2.199908971786499
1.900390863418579
1.9637532234191895
1.8763740062713623
1.981602430343628
1.9561491012573242
1.9232628345489502
2.163174629211426
1.9788036346435547
2.1421051025390625
2.2316110134124756
1.9310498237609863
2.432649850845337
2.673804759979248
2.0492539405822754
2.093644142150879
1.954894781112671
2.2716517448425293
2.422919750213623
1.8125159740447998
2.1944692134857178
2.320688009262085
2.1326234340667725
2.393596887588501
1.7085707187652588
2.510971784591675
2.1212265491485596
1.9090964794158936
1.8712575435638428
1.9259271621704102
2.904548168182373
1.7801854610443115
1.892439365386963
1.7948026657104492
1.9159295558929443
1.9604289531707764
2.079625129699707
2.668776512145996
1.9996957778930664
2.2768566608428955
1.907313585281372
2.3615639209747314
2.5012447834014893
1.9036149978637695
1.9310803413391113
2.013338327407837
2.636753797531128
1.859696865081787
1.858130931854248
2.3394477367401123
1.9574267864227295
2.219891309738159
2.1421291828155518
2.255581855773926
2.4634556770324707
2.7205066680908203
1.973172664642334
2.1204209327697754
1.8177998065948486
1.754028081893921
1.9462864398956299
2.68391489982605
2.0625545978546143
2.045642614364624
1.9188411235809326
2.0917809009552
1.9798212051391602
1.7977674007415771
2.197871446609497
2.1492679119110107
2.014068603515625
1.9127874374389648
2.00219464302063
1.9404792785644531
2.6065196990966797
2.060694456100464
1.9969244003295898
1.8738524913787842
2.299517869949341
2.0738282203674316
2.1640849113464355
1.8196327686309814
1.8585400581359863
2.198404550552368
1.8770179748535156
2.076601028442383
1.817845344543457
2.026939630508423
1.953913688659668
2.1653871536254883
2.226414680480957
2.6112959384918213
1.9705917835235596
2.2444722652435303
4.381973028182983
1.9146027565002441
2.390214681625366
2.030073642730713
1.8424911499023438
2.869661331176758
2.165984869003296
2.8974273204803467
1.6943233013153076
2.02061128616333
1.903714895248413
1.8451027870178223
2.8425309658050537
1.840566635131836
2.047983169555664
1.9007322788238525
2.4322803020477295
1.9405381679534912
2.0854263305664062
1.878737449645996
2.0440938472747803
2.0855906009674072
2.253056764602661
2.084416151046753
2.014026165008545
1.9607219696044922
2.119258403778076
2.1848654747009277
2.5192019939422607
1.762120246887207
2.080610752105713
1.8919508457183838
1.8621854782104492
1.9666292667388916
1.8193862438201904
1.8810293674468994
1.9369957447052002
2.7565019130706787
2.2887470722198486
1.8969769477844238
1.849057674407959
2.0744094848632812
1.8801414966583252
1.7134816646575928
1.8377509117126465
3.5725252628326416
1.9347560405731201
3.2186408042907715
2.001607656478882
1.9029455184936523
1.7827095985412598
1.9169981479644775
1.97883939743042
2.1145150661468506
1.9386370182037354
2.1545746326446533
2.0427393913269043
1.9375720024108887
1.9330637454986572
2.9425816535949707
1.8469231128692627
1.8176190853118896
2.0270378589630127
2.3059122562408447
2.3307604789733887
1.956876277923584
1.8851025104522705
1.8348133563995361
2.2273402214050293
1.9483201503753662
1.9593958854675293
2.0825343132019043
1.8372082710266113
2.1417460441589355
1.960197925567627
2.041888475418091
2.0185675621032715
1.759631633758545
2.2845523357391357
2.039506196975708
2.084697961807251
1.8957579135894775
2.073108196258545
3.1267125606536865
2.118342161178589
2.1733131408691406
2.0591254234313965
1.841855525970459
1.7322556972503662
1.838273525238037
1.8395812511444092
2.355287790298462
1.983701467514038
2.3391053676605225
1.9011273384094238
2.555849313735962
1.8940362930297852
2.04111909866333
1.9575726985931396
1.979133129119873
2.1679975986480713
2.8514564037323
1.8842036724090576
2.4414350986480713
1.8899223804473877
1.819305658340454
1.8529386520385742
2.680682420730591
1.8587403297424316
2.3385820388793945
1.9139068126678467
1.937706708908081
1.8410816192626953
1.9016363620758057
1.9133951663970947
1.9199440479278564
1.9122378826141357
2.3633220195770264
1.920295000076294
1.9612550735473633
2.0156848430633545
1.9177722930908203
1.9703102111816406
2.016380548477173
1.9166901111602783
3.1372296810150146
1.8858118057250977
2.0444085597991943
1.9159283638000488
2.023120164871216
2.042734146118164
1.6554419994354248
2.053476333618164
1.975290298461914
1.9107296466827393
1.9678854942321777
1.9584569931030273
2.203702211380005
1.9158992767333984
2.0971620082855225
2.015303134918213
1.9974849224090576
1.9091694355010986
2.096956968307495
1.8876447677612305
1.8560266494750977
1.8365037441253662
2.038857936859131
1.8752591609954834
1.937190294265747
2.0582327842712402
2.008049249649048
1.9201464653015137
2.1365585327148438
1.8992116451263428
1.9584712982177734
1.74006986618042
2.0526981353759766
2.291389226913452
2.0223770141601562
1.8803207874298096
1.7529492378234863
1.8801209926605225
2.4617483615875244
2.217349052429199
2.192089319229126
1.92889404296875
1.913423776626587
1.9040555953979492
