0.9050033092498779
0.9082949161529541
0.9329838752746582
1.299422025680542
1.1371488571166992
1.1425340175628662
1.07493257522583
1.096710205078125
0.9292178153991699
1.2856431007385254
1.2420306205749512
1.7673566341400146
0.956890344619751
1.4016284942626953
1.1497018337249756
0.8660893440246582
1.07936429977417
0.8650517463684082
0.8812146186828613
0.9884939193725586
1.410478115081787
1.3023979663848877
1.9184706211090088
1.4521925449371338
1.1558401584625244
0.9627087116241455
0.9270908832550049
1.387453556060791
1.001577615737915
0.9582080841064453
0.8516287803649902
1.3378021717071533
0.8778765201568604
0.9702577590942383
0.8817224502563477
1.5181586742401123
0.9263901710510254
0.8641073703765869
1.4990437030792236
1.3502156734466553
1.0694360733032227
0.9463942050933838
1.3709681034088135
0.867255449295044
0.889786958694458
0.917116641998291
1.481865406036377
1.0002257823944092
0.9825754165649414
1.3439795970916748
1.247992753982544
0.9208095073699951
1.3777129650115967
0.9139397144317627
0.8880941867828369
1.2133584022521973
0.862196683883667
0.9313850402832031
0.9208462238311768
1.2058823108673096
0.8812439441680908
1.1530859470367432
1.204002857208252
0.9955625534057617
1.8266019821166992
0.8896665573120117
1.2018041610717773
0.8646974563598633
1.2745239734649658
1.4382290840148926
1.2020950317382812
1.1252257823944092
0.981076717376709
0.9210314750671387
1.1308794021606445
0.8997938632965088
0.9067215919494629
1.7964825630187988
1.4972217082977295
1.1841208934783936
0.9442014694213867
0.9004018306732178
0.9219951629638672
1.045604944229126
1.0049242973327637
1.1645214557647705
1.220273494720459
0.9614450931549072
0.9135355949401855
1.578826665878296
1.0256469249725342
0.9527301788330078
0.8606946468353271
0.7762541770935059
1.2810111045837402
0.8869516849517822
0.916245698928833
1.026015281677246
1.8749847412109375
0.846165657043457
1.6107063293457031
0.9071691036224365
0.918506383895874
1.099114179611206
0.9128503799438477
0.9480850696563721
0.9172213077545166
1.4513535499572754
1.9031307697296143
1.3167650699615479
1.6159932613372803
0.8707911968231201
0.9384047985076904
0.9292652606964111
1.3602285385131836
2.063506603240967
1.1129162311553955
1.1653430461883545
0.963212251663208
0.9425880908966064
1.1629483699798584
1.0309038162231445
0.890286922454834
1.4579007625579834
1.4837193489074707
0.9485955238342285
1.405613899230957
0.8756973743438721
0.9117450714111328
0.9226529598236084
0.900867223739624
1.7231056690216064
0.8697948455810547
1.4072420597076416
1.190502643585205
0.9201819896697998
1.3891079425811768
1.4280624389648438
0.9337513446807861
0.8889214992523193
1.0347003936767578
1.2691686153411865
1.0984382629394531
0.9075343608856201
1.2562928199768066
0.9216609001159668
0.8360261917114258
1.1865415573120117
1.0720973014831543
0.9073810577392578
1.0328571796417236
2.2875072956085205
1.50054931640625
1.6039235591888428
1.4899938106536865
1.5370500087738037
0.8690330982208252
0.9108400344848633
0.9573776721954346
0.9892818927764893
1.0245089530944824
0.7772166728973389
0.9530069828033447
1.095334768295288
0.8492181301116943
0.9403927326202393
0.9676856994628906
0.9250946044921875
1.2172811031341553
1.8753066062927246
0.8534479141235352
1.2500746250152588
1.0346057415008545
0.9811222553253174
0.8517754077911377
1.0788569450378418
0.8704936504364014
0.8955807685852051
1.7511918544769287
0.869412899017334
0.945106029510498
0.9636359214782715
1.0490899085998535
1.4362168312072754
0.883429765701294
1.3634490966796875
0.9047093391418457
0.9163937568664551
0.8998925685882568
0.9279313087463379
0.8963072299957275
0.8956549167633057
0.9070985317230225
0.9071969985961914
0.9122395515441895
1.219836711883545
1.0097334384918213
1.3986876010894775
0.8963732719421387
0.8925821781158447
0.8836538791656494
0.9066793918609619
1.0245873928070068
1.093937635421753
0.902991533279419
0.9061465263366699
0.9662959575653076
1.0338702201843262
0.8755512237548828
0.8838012218475342
1.1046161651611328
0.9421381950378418
0.8299100399017334
0.9831175804138184
0.8832039833068848
1.01308012008667
1.1489181518554688
1.5751066207885742
1.3401374816894531
1.7487735748291016
0.8842296600341797
0.8719165325164795
0.9523642063140869
0.9062321186065674
0.9926378726959229
1.0547986030578613
0.9219632148742676
1.007784128189087
0.9536631107330322
0.7654299736022949
0.894195556640625
1.0162689685821533
0.819633960723877
1.5133800506591797
1.7543184757232666
0.8661539554595947
0.9236102104187012
1.200225591659546
1.190457820892334
1.0588443279266357
0.9035768508911133
0.9488198757171631
0.9195237159729004
0.9205794334411621
1.1188948154449463
1.024427890777588
0.9413299560546875
0.8732576370239258
0.8380818367004395
0.952014684677124
0.9546911716461182
1.1515414714813232
0.8090677261352539
0.86014723777771
1.277369499206543
0.9099466800689697
0.9167795181274414
0.9572598934173584
1.3801867961883545
0.9005589485168457
1.293210506439209
0.940730094909668
1.2310421466827393
0.928236722946167
0.9180057048797607
1.361116647720337
1.2603304386138916
0.8846726417541504
0.9162242412567139
1.3610906600952148
1.159940481185913
1.0156245231628418
0.8584392070770264
0.9539012908935547
1.250669240951538
0.8669173717498779
0.9221653938293457
1.2588248252868652
0.8970153331756592
0.8812434673309326
0.9232516288757324
0.9001884460449219
0.9668068885803223
0.9065685272216797
0.9817824363708496
0.8882713317871094
1.2994191646575928
1.3441882133483887
0.9097082614898682
0.9609136581420898
0.8846497535705566
0.9042189121246338
0.9155135154724121
0.9101169109344482
1.2830820083618164
0.9127974510192871
0.9046347141265869
0.9237103462219238
0.9022655487060547
0.8787946701049805
0.936821699142456
1.254298448562622
0.8609719276428223
0.9881863594055176
0.92266845703125
1.137495756149292
1.2930936813354492
0.9057199954986572
1.4195001125335693
1.0957622528076172
0.9309978485107422
0.8969447612762451
0.7061367034912109
1.3274123668670654
1.0640449523925781
0.9494009017944336
0.8963112831115723
1.4403738975524902
0.9463319778442383
0.9203395843505859
0.7471861839294434
0.8973922729492188
0.8704714775085449
1.6273579597473145
0.9016029834747314
0.9270036220550537
0.8785357475280762
1.014603614807129
0.8962554931640625
0.8738889694213867
0.9510822296142578
0.9438471794128418
0.8540117740631104
0.9383172988891602
1.5978527069091797
0.979644775390625
1.255699872970581
1.1890859603881836
1.1160187721252441
1.1816272735595703
1.1201109886169434
1.2556955814361572
0.9021213054656982
0.8974175453186035
0.9639558792114258
1.0985479354858398
0.9066405296325684
1.082639455795288
1.5272161960601807
0.8613290786743164
0.9493002891540527
0.9023420810699463
1.0175683498382568
0.9908967018127441
1.116213321685791
0.8287167549133301
0.8827228546142578
0.987135648727417
0.8779215812683105
1.5440938472747803
0.9298679828643799
0.9122054576873779
1.0718181133270264
0.884575605392456
0.8926770687103271
1.1050875186920166
0.9734416007995605
0.8640098571777344
0.9022586345672607
1.1686694622039795
0.9789483547210693
1.3247058391571045
0.9154412746429443
0.9299643039703369
0.8906967639923096
0.9017486572265625
1.468127965927124
0.9581258296966553
0.8882529735565186
1.0110671520233154
0.9352309703826904
0.9232771396636963
0.8764908313751221
0.9436905384063721
0.9671070575714111
0.9385712146759033
0.966294527053833
1.0655131340026855
0.9355049133300781
0.9329535961151123
0.9101741313934326
0.9478354454040527
1.3155171871185303
0.8791525363922119
0.9104151725769043
0.7047390937805176
0.8935582637786865
0.9693195819854736
1.2851779460906982
1.4412829875946045
1.0930204391479492
0.8848676681518555
1.1055634021759033
0.936802864074707
1.067967414855957
0.8948800563812256
0.7567768096923828
0.9013526439666748
1.6773381233215332
1.0601210594177246
0.9408159255981445
0.8590774536132812
1.2861659526824951
1.0065231323242188
0.9632868766784668
0.9032783508300781
0.913503885269165
1.0620582103729248
0.9620962142944336
0.9965581893920898
0.9254796504974365
0.8960673809051514
1.4009160995483398
0.9061286449432373
0.8898859024047852
1.0532093048095703
1.7434935569763184
0.9184153079986572
0.9030382633209229
0.997835636138916
0.9112787246704102
0.9571404457092285
0.9108400344848633
0.9069750308990479
0.9553816318511963
1.3004252910614014
0.8908019065856934
1.1028094291687012
0.8896608352661133
0.8904821872711182
1.7386906147003174
1.0886523723602295
0.8694617748260498
0.8939995765686035
1.6287059783935547
1.1600027084350586
1.0588030815124512
0.9030771255493164
0.923774003982544
0.8545048236846924
0.8893864154815674
0.8821477890014648
0.8677947521209717
1.4466030597686768
1.3484313488006592
1.843001127243042
0.9784975051879883
0.8976180553436279
0.8988842964172363
0.9008963108062744
1.7840535640716553
0.9576108455657959
1.2832129001617432
1.6126697063446045
0.8587856292724609
0.9443395137786865
0.9956209659576416
0.9009411334991455
1.2218081951141357
1.2156410217285156
0.9041485786437988
0.9621169567108154
0.8886106014251709
0.8689453601837158
0.8815155029296875
0.8661246299743652
0.8938634395599365
1.002349853515625
0.9344062805175781
0.9899365901947021
0.8836700916290283
1.5241451263427734
1.3117451667785645
0.890784502029419
1.6157965660095215
1.1741430759429932
1.018808126449585
0.8248956203460693
0.9682796001434326
0.8802216053009033
1.0044195652008057
0.8747496604919434
0.8813960552215576
1.4035115242004395
1.4752507209777832
1.381021499633789
0.9664232730865479
0.8868658542633057
1.0075762271881104
0.9056265354156494
0.6936488151550293
1.3649210929870605
0.9886617660522461
0.878105640411377
1.0987482070922852
1.0944492816925049
0.9204199314117432
0.9015359878540039
1.7041356563568115
0.9308681488037109
0.912661075592041
0.8878931999206543
1.076481580734253
1.0403954982757568
0.8925211429595947
1.012784481048584
0.9482603073120117
0.9018137454986572
1.0036394596099854
0.8657495975494385
1.0019192695617676
0.9293441772460938
0.9981689453125
1.0446193218231201
0.8933343887329102
0.9038832187652588
0.9434094429016113
1.01185941696167
1.475379228591919
0.8059213161468506
1.0279731750488281
1.1429944038391113
0.7863316535949707
0.9009454250335693
0.911081075668335
0.9025330543518066
1.0051262378692627
1.106440782546997
0.9053442478179932
1.0625619888305664
1.0703108310699463
1.1312124729156494
0.8803446292877197
0.8901467323303223
0.9296071529388428
0.8713321685791016
0.908719539642334
1.1108922958374023
0.8555409908294678
1.5007331371307373
1.1026525497436523
1.1423721313476562
0.8995616436004639
1.0684306621551514
1.057814359664917
0.892075777053833
0.966881513595581
0.8859415054321289
1.0097734928131104
1.440877914428711
0.9148850440979004
0.9160966873168945
0.9428167343139648
1.5550508499145508
0.9272723197937012
0.9100899696350098
0.9725663661956787
1.8806493282318115
0.9319753646850586
0.9910299777984619
1.68157958984375
0.8660376071929932
1.0219690799713135
0.8855445384979248
0.9824237823486328
1.8236138820648193
1.4559974670410156
1.4073877334594727
1.0156707763671875
0.947136640548706
1.0762720108032227
0.8960995674133301
0.9213919639587402
0.9473791122436523
0.9431629180908203
0.8481714725494385
0.9192636013031006
0.9611523151397705
1.2678227424621582
1.0254790782928467
0.8729410171508789
1.023247241973877
0.9632000923156738
0.9230620861053467
0.9127271175384521
0.8850700855255127
1.055915117263794
0.8952765464782715
0.8992271423339844
1.0264756679534912
0.9026703834533691
0.8551733493804932
1.1305861473083496
0.9390869140625
0.8802564144134521
0.8931009769439697
0.8994672298431396
0.986980676651001
1.3289644718170166
1.0272421836853027
0.888817310333252
0.901268720626831
0.832939624786377
0.8143038749694824
1.0152208805084229
0.879694938659668
0.939643383026123
0.9404189586639404
0.8778731822967529
0.9499359130859375
0.9304640293121338
0.9457995891571045
0.9089229106903076
0.9672226905822754
0.9567196369171143
1.5769875049591064
0.9108507633209229
0.9010953903198242
0.8541364669799805
1.0995609760284424
0.8945777416229248
0.91060471534729
1.1034433841705322
0.8921849727630615
0.8715596199035645
0.8930840492248535
0.9295914173126221
1.2630908489227295
0.910351037979126
1.0502984523773193
0.8659729957580566
1.0128686428070068
0.9204185009002686
0.9098730087280273
1.154968500137329
1.473508358001709
0.9149267673492432
1.111269474029541
0.8638477325439453
0.858039379119873
1.0524368286132812
1.042677640914917
0.936286449432373
0.8727438449859619
1.1536927223205566
0.8819394111633301
0.9482111930847168
0.9248013496398926
0.9344937801361084
0.8600115776062012
1.0942790508270264
0.9777519702911377
0.8764309883117676
0.8130249977111816
0.9150514602661133
1.030611515045166
0.9258475303649902
0.8529829978942871
2.2079074382781982
1.2649462223052979
0.9387130737304688
0.8881263732910156
0.871361494064331
0.9430711269378662
0.8766961097717285
0.9141530990600586
1.3661978244781494
0.9843893051147461
0.8831827640533447
1.0357797145843506
1.1954693794250488
1.2652459144592285
1.436324119567871
0.7774145603179932
1.0409877300262451
1.1663107872009277
0.9754016399383545
0.9353885650634766
0.9533281326293945
0.8989579677581787
0.9264891147613525
1.0260388851165771
0.9098212718963623
0.8430593013763428
1.1061279773712158
1.004481554031372
0.9120082855224609
0.9413230419158936
1.1072149276733398
0.937387228012085
0.8658690452575684
0.8782515525817871
0.864168643951416
0.8752398490905762
0.8576505184173584
0.9529721736907959
0.8989536762237549
1.5342373847961426
0.9666612148284912
1.078138828277588
1.0747959613800049
1.123140811920166
1.2501139640808105
0.8956503868103027
0.8790960311889648
0.8573012351989746
0.9306273460388184
1.0782694816589355
1.0100681781768799
0.8797104358673096
1.4809165000915527
0.9370481967926025
1.4501376152038574
1.610105037689209
0.8842277526855469
0.9560494422912598
0.9916291236877441
0.9170994758605957
0.858609676361084
0.8861062526702881
0.8813257217407227
0.8908953666687012
0.9467911720275879
1.04227876663208
2.0443921089172363
0.8839681148529053
0.9165463447570801
0.6982173919677734
1.0411858558654785
0.85378098487854
0.9265410900115967
1.337622880935669
0.9056222438812256
1.0754609107971191
1.3916733264923096
0.9169373512268066
0.9281246662139893
0.8613719940185547
0.8964788913726807
0.8703615665435791
0.8782882690429688
0.8669636249542236
1.3049423694610596
0.8437469005584717
0.9437739849090576
0.8723809719085693
1.0261750221252441
1.0789682865142822
0.8596248626708984
0.9192042350769043
0.8950166702270508
0.9572758674621582
0.963245153427124
1.4865329265594482
1.1343905925750732
1.0846083164215088
1.0222728252410889
1.1111562252044678
0.8987987041473389
0.9586546421051025
0.9008285999298096
1.0013597011566162
0.8482868671417236
0.9504725933074951
1.451784372329712
0.8376462459564209
0.8523321151733398
1.065079689025879
0.8740024566650391
0.9509243965148926
0.8860907554626465
0.95210862159729
1.0294723510742188
0.8833582401275635
1.1470398902893066
1.1778268814086914
0.9326646327972412
1.1117684841156006
0.8988001346588135
1.4228155612945557
0.899517297744751
0.8845915794372559
1.1518423557281494
0.8847756385803223
0.9110898971557617
0.9038255214691162
1.4812452793121338
0.955756425857544
0.9113502502441406
0.8627808094024658
0.9897923469543457
0.9795787334442139
0.8856246471405029
1.1767468452453613
1.0570898056030273
0.9795355796813965
1.2769172191619873
0.9113943576812744
0.9334619045257568
0.8600978851318359
0.8776726722717285
0.9166836738586426
1.058119773864746
0.8828637599945068
0.8776705265045166
0.8843746185302734
0.9184684753417969
0.8649623394012451
0.8603739738464355
0.8780908584594727
0.9264571666717529
0.9944767951965332
0.7779099941253662
0.9095311164855957
0.9253997802734375
1.1164062023162842
1.178915023803711
0.8719484806060791
0.9237103462219238
1.0258769989013672
1.2409613132476807
0.8297679424285889
0.9281091690063477
1.1473679542541504
0.8851537704467773
0.976722002029419
1.6217331886291504
1.1368207931518555
0.8865716457366943
1.0660130977630615
0.9313673973083496
1.1579077243804932
0.8660578727722168
1.2910821437835693
0.8974940776824951
0.9853873252868652
0.8446049690246582
0.8951575756072998
1.0479249954223633
0.8770346641540527
0.9351806640625
0.8800663948059082
1.0016345977783203
1.075974941253662
0.8953135013580322
1.2709989547729492
0.8930580615997314
0.9864866733551025
1.431776762008667
0.9503042697906494
0.916205644607544
0.9926784038543701
0.8502120971679688
0.8548667430877686
0.9301409721374512
0.8603029251098633
0.878333330154419
0.9764177799224854
0.8771693706512451
0.9552276134490967
0.9175126552581787
1.0686824321746826
0.8840210437774658
0.9086050987243652
0.88525390625
0.8964824676513672
1.107175588607788
0.986760139465332
1.5614912509918213
0.9151196479797363
1.0275263786315918
1.502551555633545
0.915168285369873
1.1038458347320557
0.8799343109130859
1.0795304775238037
0.8992831707000732
0.8939895629882812
0.7190341949462891
0.9857079982757568
1.0352787971496582
0.8592331409454346
0.9531428813934326
0.9117817878723145
0.882415771484375
0.8620381355285645
0.8806898593902588
0.9248714447021484
0.9102048873901367
0.9398267269134521
1.0792491436004639
0.9010257720947266
0.9317312240600586
0.9343512058258057
1.0672597885131836
0.8894462585449219
0.898622989654541
0.878298282623291
1.1771337985992432
0.8978490829467773
0.9006798267364502
0.9414219856262207
0.8865966796875
0.8640902042388916
1.0659043788909912
0.9284248352050781
0.9114522933959961
1.2025909423828125
0.8814284801483154
0.8891150951385498
0.9027194976806641
0.8896777629852295
0.8667430877685547
0.8925058841705322
1.312166690826416
2.282097578048706
1.435410976409912
0.9582540988922119
1.1259281635284424
0.8885033130645752
1.0041606426239014
1.080094337463379
1.0280685424804688
0.9331793785095215
0.8847403526306152
0.881317138671875
0.9217395782470703
0.8362746238708496
0.882965087890625
1.3883278369903564
0.8677248954772949
0.9320166110992432
0.9038164615631104
0.8881781101226807
0.8842062950134277
0.8621783256530762
0.8694155216217041
0.9424092769622803
1.0729880332946777
1.2704551219940186
0.9641168117523193
0.8817667961120605
0.9038293361663818
1.0371143817901611
1.0185282230377197
1.3370318412780762
0.9530060291290283
0.9680483341217041
0.8910439014434814
1.470885992050171
0.9326794147491455
0.9001047611236572
0.8514368534088135
0.85874342918396
1.1575813293457031
0.9057309627532959
0.9997963905334473
0.8989944458007812
0.9649331569671631
0.9168477058410645
1.060990810394287
0.9896283149719238
0.8803579807281494
0.7796652317047119
1.059751272201538
1.0626766681671143
1.0029809474945068
0.9146900177001953
1.109438180923462
0.9025619029998779
1.7514898777008057
0.8962442874908447
0.9628176689147949
0.9632995128631592
1.0824782848358154
0.931288480758667
0.8556265830993652
0.9732935428619385
0.8708579540252686
0.8646388053894043
0.854825496673584
0.8952682018280029
0.9098315238952637
1.4345402717590332
0.8638887405395508
1.2665112018585205
0.8811495304107666
0.966710090637207
0.8549797534942627
0.8439624309539795
0.8982846736907959
0.9075267314910889
0.8750813007354736
0.9014973640441895
0.8562395572662354
0.9289989471435547
0.8343746662139893
0.8391659259796143
1.040876865386963
0.878746509552002
0.8827342987060547
0.9179832935333252
0.9365620613098145
1.0277562141418457
1.2065975666046143
0.911384105682373
0.9248106479644775
0.9353218078613281
0.8611898422241211
0.8601064682006836
1.3571255207061768
0.8762369155883789
1.3247945308685303
0.9049301147460938
0.9382057189941406
0.892780065536499
0.9153237342834473
1.0377781391143799
1.037492275238037
0.9292044639587402
0.9111757278442383
0.9075007438659668
0.9541642665863037
1.1281538009643555
0.9100308418273926
0.8814783096313477
0.9598221778869629
0.8757376670837402
0.9472627639770508
0.6958281993865967
0.9351568222045898
0.9416384696960449
0.9472179412841797
0.8836705684661865
0.927375316619873
0.8963150978088379
1.1500842571258545
0.9018914699554443
0.9236147403717041
0.9393656253814697
0.863997220993042
0.9250462055206299
0.9364597797393799
0.947596549987793
1.2608797550201416
1.3505094051361084
1.0739343166351318
1.1399712562561035
0.9327740669250488
1.0968365669250488
0.8613464832305908
0.9523894786834717
0.898043155670166
0.9746265411376953
0.8512685298919678
1.286353349685669
0.8375837802886963
0.8751809597015381
0.9055769443511963
1.1928422451019287
0.8684494495391846
0.9063482284545898
0.9434628486633301
0.9712035655975342
1.4763894081115723
0.904979944229126
0.9432766437530518
0.8870813846588135
0.8938143253326416
1.0319831371307373
0.9427642822265625
0.9934837818145752
0.9201619625091553
0.8897337913513184
1.0974464416503906
0.896503210067749
1.0495076179504395
0.900137186050415
0.9405486583709717
0.87532639503479
1.0003273487091064
0.8858602046966553
0.9401426315307617
1.3380606174468994
0.8887627124786377
0.9108531475067139
1.0703089237213135
0.8795537948608398
0.8894121646881104
1.3438000679016113
0.8982055187225342
1.4200947284698486
0.8699488639831543
0.9665243625640869
0.8906054496765137
1.3185360431671143
0.9859402179718018
0.8878052234649658
1.26991868019104
0.8345592021942139
1.0335519313812256
0.9904191493988037
0.8477201461791992
1.1735124588012695
0.9690234661102295
0.8762774467468262
0.90505051612854
1.0430493354797363
1.3626272678375244
0.917788028717041
0.8606235980987549
1.1492042541503906
0.8798298835754395
0.8755815029144287
0.9740338325500488
0.9184243679046631
1.3396251201629639
1.5502653121948242
0.9775469303131104
0.8843138217926025
1.0350587368011475
0.8975791931152344
1.0034968852996826
1.3651156425476074
0.9353277683258057
0.845240592956543
0.9674177169799805
1.2722046375274658
0.8574481010437012
0.9053244590759277
0.8338303565979004
1.64613676071167
1.0470850467681885
1.6851656436920166
0.895477294921875
0.8743886947631836
0.8646361827850342
0.9600815773010254
1.1157469749450684
1.1941890716552734
0.8373878002166748
0.987713098526001
1.04909086227417
0.8949346542358398
1.1247484683990479
0.8979806900024414
0.8381772041320801
0.8353433609008789
0.8986961841583252
0.8702127933502197
0.8826234340667725
0.8907773494720459
1.288501262664795
0.8953568935394287
1.0388052463531494
0.8724696636199951
1.3131310939788818
1.0081679821014404
1.0088834762573242
1.5334763526916504
0.8812735080718994
1.4440395832061768
0.9268410205841064
0.7765965461730957
0.895042896270752
0.8850483894348145
0.9691720008850098
0.9371974468231201
1.497396469116211
0.8779683113098145
0.8618214130401611
0.8530359268188477
0.8675262928009033
0.9281401634216309
0.8878357410430908
0.8820464611053467
0.9139134883880615
0.8910634517669678
0.8906288146972656
0.8437058925628662
0.9577293395996094
1.0627751350402832
0.8923063278198242
0.9279720783233643
0.7083849906921387
0.8824455738067627
0.9463644027709961
1.0892717838287354
0.9380662441253662
0.9113762378692627
0.9314846992492676
0.9058892726898193
1.0005033016204834
1.1648690700531006
1.0489351749420166
1.0955379009246826
0.8386204242706299
0.8894522190093994
0.8699569702148438
0.8856678009033203
0.8898942470550537
0.8543925285339355
0.8530929088592529
0.9753446578979492
0.9572522640228271
0.8790922164916992
0.9389936923980713
1.0141940116882324
0.8787484169006348
0.8748373985290527
1.0030465126037598
0.9027214050292969
0.9075782299041748
1.7008962631225586
0.9145193099975586
0.989454984664917
0.8754429817199707
0.930654764175415
0.9330668449401855
0.903087854385376
0.8961799144744873
1.18034029006958
0.9255564212799072
0.8282454013824463
0.8732092380523682
0.874652624130249
0.8877005577087402
0.8683938980102539
0.8671495914459229
1.0480821132659912
0.8771388530731201
0.7849521636962891
0.9013931751251221
0.9907960891723633
0.8833858966827393
0.8887579441070557
1.0010318756103516
0.8805527687072754
0.8920695781707764
0.9084568023681641
0.8537595272064209
0.9399509429931641
0.8778462409973145
1.093085527420044
1.057878017425537
0.8650665283203125
1.006659746170044
0.9268674850463867
0.8537623882293701
0.8779327869415283
1.0908915996551514
0.9355623722076416
0.9187557697296143
0.9273664951324463
0.9084501266479492
0.8884894847869873
1.1125767230987549
1.1893434524536133
0.8656351566314697
0.9108290672302246
0.9000687599182129
0.8734228610992432
0.8680438995361328
0.8954918384552002
0.956153392791748
0.9304931163787842
0.8608987331390381
0.908989667892456
0.9851107597351074
1.0279395580291748
1.6392831802368164
1.0224559307098389
0.8893318176269531
0.9160220623016357
0.9585909843444824
0.9114406108856201
0.8860337734222412
0.8708593845367432
0.9022881984710693
0.8623840808868408
0.897313117980957
0.8763618469238281
1.1194124221801758
0.914146900177002
1.0387401580810547
1.1530625820159912
0.8894948959350586
0.9045140743255615
0.9518764019012451
0.9644632339477539
0.8599414825439453
0.866713285446167
1.0022175312042236
0.94795823097229
0.8772361278533936
0.912771463394165
0.9052767753601074
0.8927252292633057
0.854069709777832
0.9142138957977295
0.8494164943695068
0.9345054626464844
1.0199737548828125
0.9891679286956787
1.0393428802490234
0.896826982498169
0.8952891826629639
0.8749041557312012
0.887986421585083
1.0243802070617676
0.8182995319366455
0.9436182975769043
0.9514093399047852
0.9646937847137451
0.9138147830963135
0.9352424144744873
0.8629264831542969
1.2239933013916016
0.9342939853668213
1.1076467037200928
0.9187180995941162
0.9557185173034668
0.8871748447418213
0.9016735553741455
0.9945011138916016
0.8741772174835205
1.0542712211608887
1.0277528762817383
0.910968542098999
0.9248816967010498
0.9234490394592285
0.9648621082305908
1.8447251319885254
0.9099135398864746
0.8698263168334961
1.1256861686706543
0.9024348258972168
0.9205460548400879
0.8896942138671875
0.9564306735992432
1.1210403442382812
0.8209903240203857
0.9047136306762695
0.9329833984375
1.005554437637329
0.9088876247406006
1.023883581161499
1.1648147106170654
0.886962890625
0.9290170669555664
0.9023652076721191
0.8796422481536865
1.3363559246063232
0.9236326217651367
0.8733718395233154
0.6980836391448975
0.8116416931152344
0.9007935523986816
0.9172685146331787
0.8835747241973877
1.3406870365142822
0.9782593250274658
0.9936585426330566
0.9491548538208008
0.9255142211914062
0.9095821380615234
0.8869178295135498
0.8508145809173584
0.7642807960510254
0.8725199699401855
0.9420127868652344
0.8930387496948242
1.236093282699585
1.0017902851104736
0.8826906681060791
0.9748048782348633
0.9996325969696045
1.0445191860198975
0.8191897869110107
0.9195084571838379
0.9246025085449219
1.0750536918640137
0.9992778301239014
0.8902096748352051
0.9251437187194824
0.8820035457611084
1.0232264995574951
0.846337080001831
1.0236217975616455
0.8981261253356934
0.91898512840271
0.8980798721313477
0.9083082675933838
1.0118303298950195
0.8610572814941406
0.8735096454620361
0.8620178699493408
1.0072736740112305
1.0618889331817627
0.9520523548126221
0.8702912330627441
0.9457697868347168
1.201878547668457
0.9125473499298096
0.8571310043334961
0.8449409008026123
0.8582801818847656
1.0510890483856201
0.9999287128448486
0.926999568939209
0.9252009391784668
0.9774019718170166
1.0483248233795166
1.0558586120605469
0.9128706455230713
0.922260046005249
0.916295051574707
0.8727974891662598
0.9614832401275635
0.9193899631500244
0.9239509105682373
0.7892274856567383
1.0832862854003906
0.8629441261291504
0.8895561695098877
1.0738143920898438
1.0882360935211182
1.0124802589416504
1.1568470001220703
1.11094331741333
1.0005838871002197
0.9605283737182617
0.9209628105163574
0.9803903102874756
0.8848147392272949
0.8869752883911133
0.8619694709777832
1.0293631553649902
0.8776898384094238
0.9661304950714111
0.9352948665618896
0.9662415981292725
0.9549391269683838
0.8950057029724121
0.9849598407745361
1.0853989124298096
1.20267653465271
0.8743364810943604
0.9526345729827881
0.9023849964141846
1.1441750526428223
0.9295775890350342
0.914231538772583
0.9670510292053223
0.9377827644348145
0.9773693084716797
1.0704212188720703
0.9086971282958984
1.0177347660064697
0.9604709148406982
1.3780879974365234
0.9304614067077637
0.9255764484405518
0.8540515899658203
1.4149534702301025
0.9331271648406982
0.9188709259033203
0.9184026718139648
0.8489573001861572
0.8827948570251465
0.8906691074371338
0.9081583023071289
0.9894647598266602
1.1292552947998047
0.8803818225860596
0.9854762554168701
0.9598963260650635
0.9617571830749512
0.8813550472259521
0.924053430557251
0.9829578399658203
1.642930030822754
0.9178895950317383
0.8782401084899902
0.8823866844177246
0.8951659202575684
1.0359516143798828
0.8702490329742432
1.2466022968292236
0.8551740646362305
1.0337128639221191
1.027423620223999
0.8952274322509766
0.8958475589752197
0.9636044502258301
0.9260101318359375
0.9320473670959473
0.9594895839691162
0.956193208694458
0.9380934238433838
0.9150390625
0.9028642177581787
0.9175815582275391
0.9043359756469727
1.0838892459869385
1.0334253311157227
0.922478437423706
0.9374098777770996
1.0044639110565186
0.8184435367584229
0.905109167098999
0.8677060604095459
0.9065213203430176
0.9400730133056641
0.9779706001281738
1.0016560554504395
0.714153528213501
1.0087122917175293
0.8954160213470459
0.9290542602539062
0.9141144752502441
0.9169299602508545
1.444831132888794
0.880666971206665
0.8340029716491699
0.9284133911132812
0.8899192810058594
0.8409535884857178
0.8541224002838135
0.9828066825866699
0.8908178806304932
0.8920896053314209
0.8641159534454346
0.9693484306335449
0.9146509170532227
1.4505565166473389
1.4780452251434326
0.865419864654541
1.3991692066192627
0.7596447467803955
0.9831924438476562
0.9691922664642334
1.0257062911987305
0.9484755992889404
1.1447150707244873
0.9124677181243896
0.9790842533111572
0.8964085578918457
0.9156923294067383
0.9300312995910645
1.003906011581421
0.8649575710296631
0.9201645851135254
0.928673505783081
1.8502824306488037
0.8211989402770996
0.9247796535491943
1.03413724899292
0.8710582256317139
0.9407141208648682
0.9585301876068115
0.840796709060669
0.9087300300598145
0.9159047603607178
0.9036879539489746
0.9283795356750488
1.1390304565429688
0.940882682800293
0.9379220008850098
1.0428950786590576
0.8904259204864502
0.8999993801116943
0.9229555130004883
0.9815115928649902
0.8391001224517822
1.140002965927124
0.9030666351318359
1.8477058410644531
0.8914139270782471
0.9376981258392334
0.8929026126861572
0.8851523399353027
0.9040117263793945
0.8709659576416016
0.8892366886138916
1.0312747955322266
0.8916828632354736
0.8982646465301514
0.9458963871002197
2.5305488109588623
0.8885793685913086
0.9188425540924072
0.944159984588623
0.9193115234375
0.9131960868835449
1.354710578918457
0.9288523197174072
0.8498833179473877
1.1903672218322754
0.9618797302246094
0.8568916320800781
0.9096372127532959
0.9328043460845947
0.8976633548736572
0.9106428623199463
1.507389783859253
0.948723316192627
1.0410690307617188
1.066068410873413
1.0096015930175781
1.2011117935180664
0.8830499649047852
0.876950740814209
0.8970205783843994
0.9970195293426514
0.894890308380127
1.0596261024475098
1.1744184494018555
0.8735411167144775
0.9271175861358643
0.8902618885040283
0.9014391899108887
0.855567455291748
0.8869671821594238
0.8995928764343262
0.9413642883300781
0.9587805271148682
0.9318544864654541
0.9296951293945312
0.8146400451660156
0.9917232990264893
1.0113651752471924
0.9560904502868652
0.9750943183898926
1.132631540298462
1.151188611984253
0.9709630012512207
1.0750987529754639
1.1015515327453613
0.8711874485015869
0.8828754425048828
1.8490877151489258
0.9093499183654785
0.9847497940063477
0.9068350791931152
0.9759533405303955
0.9569222927093506
0.8854789733886719
1.066615343093872
0.8848834037780762
0.9816184043884277
0.8902606964111328
0.9974422454833984
0.9259548187255859
0.8838047981262207
1.1590874195098877
0.9178469181060791
0.875035285949707
0.8810620307922363
1.0686531066894531
1.6665065288543701
0.9161441326141357
0.9060571193695068
1.1784114837646484
1.0294463634490967
0.9539194107055664
1.0109045505523682
0.9907591342926025
0.9488451480865479
0.8736729621887207
0.8883070945739746
1.082505702972412
1.0502400398254395
1.004852294921875
1.4013121128082275
0.9165451526641846
1.0468363761901855
0.8961799144744873
0.8888092041015625
1.0731565952301025
0.9029726982116699
0.9130833148956299
0.9505691528320312
0.8756523132324219
1.2205984592437744
0.8586885929107666
0.8951547145843506
1.0093441009521484
0.9041018486022949
0.9408950805664062
0.9376366138458252
0.9216008186340332
0.8907790184020996
1.0489351749420166
0.9530019760131836
1.1662113666534424
0.8848481178283691
0.9498536586761475
0.9068958759307861
0.945493221282959
0.8916189670562744
0.8627896308898926
0.9029085636138916
0.6991567611694336
0.9452118873596191
0.9157757759094238
0.8844165802001953
0.9060907363891602
1.0582795143127441
0.9300451278686523
0.8627297878265381
0.9224474430084229
1.059389352798462
0.9743757247924805
0.8963050842285156
0.9567208290100098
0.9642772674560547
0.973212718963623
0.9551143646240234
0.9495713710784912
0.8668878078460693
0.8328952789306641
0.8834984302520752
0.9725127220153809
1.229475498199463
1.0364453792572021
0.931504487991333
1.0266757011413574
0.8806893825531006
0.8581585884094238
0.9514210224151611
1.1724672317504883
0.9165570735931396
0.8829383850097656
0.8794705867767334
0.8816843032836914
0.9020781517028809
0.9082942008972168
0.8356974124908447
0.9810948371887207
0.9161181449890137
0.9798393249511719
0.8311507701873779
0.897392749786377
0.9267282485961914
1.0458900928497314
0.8348629474639893
0.8733069896697998
0.8814296722412109
1.0315370559692383
0.882361888885498
0.9901909828186035
0.7897427082061768
1.210387945175171
0.8639967441558838
0.9304187297821045
0.8797283172607422
0.923271656036377
0.9765007495880127
0.873070478439331
0.9131302833557129
0.8859415054321289
0.8795385360717773
1.1218876838684082
0.8476607799530029
0.8591880798339844
0.8990569114685059
0.8933517932891846
0.8430559635162354
0.959435224533081
0.916414737701416
1.3895783424377441
0.9558210372924805
0.868527889251709
0.8815634250640869
0.8955535888671875
0.8799228668212891
0.8727333545684814
1.114917516708374
0.9910943508148193
0.8781833648681641
0.9997880458831787
1.0452039241790771
0.9127817153930664
0.8841166496276855
0.9490559101104736
1.031574010848999
1.2243986129760742
0.98880934715271
0.9136607646942139
1.703368902206421
0.8790757656097412
0.8865616321563721
0.9543344974517822
1.2545166015625
0.9231843948364258
0.9858071804046631
0.9431722164154053
0.8787007331848145
0.9476602077484131
0.9580109119415283
0.8782014846801758
0.931377649307251
0.9511663913726807
0.9981272220611572
0.895880937576294
0.886991024017334
1.1342244148254395
0.845308780670166
0.9191043376922607
1.5767979621887207
1.1863093376159668
0.8941612243652344
1.0156328678131104
1.016613483428955
0.9315245151519775
0.9057753086090088
0.9412336349487305
0.849639892578125
0.8912966251373291
0.8764140605926514
0.8776769638061523
1.0673227310180664
0.8657665252685547
0.9294600486755371
0.9709866046905518
0.8862771987915039
0.9398465156555176
1.0820119380950928
0.9081206321716309
0.9678483009338379
0.8849160671234131
0.9701519012451172
0.9383845329284668
1.0945634841918945
0.9880452156066895
0.9066958427429199
0.8881628513336182
1.0287272930145264
1.0270287990570068
0.9145076274871826
0.939387321472168
0.9165456295013428
1.297727346420288
0.884573221206665
0.8839383125305176
0.8623604774475098
0.8823709487915039
0.9112167358398438
0.9666085243225098
0.9277517795562744
0.8642866611480713
0.8449888229370117
1.0212619304656982
1.021164894104004
0.9095664024353027
0.8890762329101562
1.4817531108856201
0.897409200668335
0.9135236740112305
0.8541007041931152
0.8472697734832764
0.9373443126678467
0.9122254848480225
1.170494556427002
0.8925738334655762
1.587778091430664
0.8514163494110107
1.0067837238311768
0.8787660598754883
0.8883366584777832
0.8302454948425293
1.3254642486572266
0.9024131298065186
0.9511704444885254
1.054199457168579
0.9495868682861328
0.8862454891204834
0.9969191551208496
1.0016632080078125
0.9134833812713623
0.9004495143890381
0.8509488105773926
1.0240867137908936
0.928983211517334
0.8841607570648193
0.9185519218444824
1.1463003158569336
0.9488701820373535
0.8859050273895264
0.8984620571136475
1.0853164196014404
0.9205162525177002
0.8843107223510742
0.9733059406280518
0.8871545791625977
0.8574986457824707
0.8854236602783203
0.9325237274169922
0.949260950088501
1.0134837627410889
1.6931636333465576
0.9029078483581543
0.9250061511993408
0.923724889755249
0.9139199256896973
0.919447660446167
0.9477787017822266
1.1515429019927979
0.909935474395752
0.9116911888122559
0.9352145195007324
0.9936349391937256
0.970221757888794
0.8765718936920166
0.9670932292938232
0.9984843730926514
0.6984705924987793
0.8724737167358398
0.881873369216919
0.8944547176361084
0.9449782371520996
0.9824709892272949
0.9083554744720459
0.9249124526977539
0.9044215679168701
0.8888318538665771
1.0068154335021973
0.9152367115020752
0.9391205310821533
1.0188932418823242
1.0235254764556885
0.8868565559387207
1.0072369575500488
1.1732594966888428
0.9261491298675537
1.185429334640503
0.8980252742767334
0.8996384143829346
0.8730213642120361
1.0514602661132812
0.9067697525024414
1.1265780925750732
0.883223295211792
0.9725334644317627
0.9121654033660889
0.9154253005981445
0.9402000904083252
1.0084404945373535
0.9183065891265869
0.8911187648773193
1.191014051437378
0.9556031227111816
1.0582101345062256
0.9229617118835449
1.2813301086425781
1.1107614040374756
0.9545159339904785
0.8683323860168457
0.9393811225891113
0.9993395805358887
0.8080682754516602
1.0175161361694336
0.8910889625549316
0.8583395481109619
0.9011952877044678
1.4238042831420898
0.9112710952758789
0.8812601566314697
1.1437642574310303
0.9085757732391357
0.8937687873840332
0.8397984504699707
0.9435415267944336
0.909085750579834
0.8133821487426758
0.892998456954956
0.9026584625244141
1.0307974815368652
0.9532911777496338
0.932152271270752
0.9409959316253662
0.9843754768371582
0.8699734210968018
0.8940174579620361
1.1525256633758545
0.8605191707611084
0.8655109405517578
0.8387055397033691
0.9085757732391357
0.9704749584197998
0.9261670112609863
0.9663889408111572
0.9020044803619385
0.9713215827941895
0.8735041618347168
0.8750779628753662
0.9255690574645996
0.9238495826721191
0.9591844081878662
1.1817824840545654
0.8947925567626953
0.9817671775817871
0.8437318801879883
1.0122766494750977
1.1141188144683838
0.9402422904968262
1.1739282608032227
1.0768322944641113
1.394923210144043
0.8896965980529785
0.8882441520690918
0.8953471183776855
0.9736242294311523
0.9344303607940674
1.0552098751068115
0.8902711868286133
0.842747688293457
1.0937018394470215
0.9188697338104248
0.891193151473999
0.9313604831695557
1.1093411445617676
0.8503658771514893
0.9113004207611084
1.0934062004089355
1.0045444965362549
0.794424295425415
0.8600783348083496
0.9254715442657471
0.9124093055725098
0.9185855388641357
0.9795083999633789
0.9856243133544922
0.9244811534881592
0.8501653671264648
0.9745099544525146
1.1203007698059082
1.4643464088439941
1.0226364135742188
0.9397666454315186
0.799842119216919
1.0705413818359375
1.3298604488372803
0.9359085559844971
1.0172817707061768
0.9817221164703369
0.905545711517334
0.8962993621826172
1.1780648231506348
0.9170582294464111
0.950380802154541
1.0388309955596924
0.8618004322052002
1.3318226337432861
1.3570187091827393
0.9306187629699707
0.8691825866699219
1.0031933784484863
1.178856611251831
1.0301411151885986
0.8872840404510498
1.1475465297698975
0.8925075531005859
0.9122142791748047
1.0772895812988281
0.8636493682861328
0.8991832733154297
0.9262731075286865
0.9402101039886475
0.8703742027282715
0.867438554763794
0.8800160884857178
0.9083271026611328
1.0206830501556396
1.222738265991211
0.9413022994995117
1.0364761352539062
0.9259881973266602
0.9010944366455078
1.7084310054779053
0.8595094680786133
0.850642204284668
0.8780419826507568
0.8954973220825195
0.9403932094573975
1.5479731559753418
0.8849039077758789
1.4121532440185547
1.0018565654754639
0.9911172389984131
0.8559293746948242
0.857647180557251
1.3181946277618408
0.9568431377410889
0.9906866550445557
