0.716926097869873
0.833590030670166
0.7335855960845947
0.723494291305542
0.661689281463623
0.6615684032440186
0.677290678024292
0.6737232208251953
0.6475138664245605
0.6440122127532959
0.6745967864990234
0.657780647277832
0.6575567722320557
0.632831335067749
0.776911735534668
0.7299911975860596
0.663215160369873
0.6748359203338623
0.6709983348846436
0.6436915397644043
0.6776752471923828
0.6814517974853516
0.6179831027984619
0.6609377861022949
0.6322541236877441
0.6643695831298828
0.7305498123168945
0.6285691261291504
0.6854918003082275
0.6772372722625732
0.6331663131713867
0.5827884674072266
0.6618924140930176
0.6590449810028076
0.632688045501709
0.6701228618621826
0.6591019630432129
0.6765708923339844
0.6624164581298828
0.6766183376312256
0.630678653717041
0.606471061706543
0.6633603572845459
0.9213135242462158
0.651301383972168
0.6798701286315918
0.635676383972168
0.6435248851776123
0.6938126087188721
0.6792173385620117
0.6367483139038086
0.8163294792175293
0.6491210460662842
0.6477277278900146
0.6883642673492432
0.6403582096099854
0.6333508491516113
0.6414756774902344
0.7057404518127441
0.7143056392669678
0.6527712345123291
0.6529264450073242
0.6696093082427979
0.6629040241241455
0.6509344577789307
0.680743932723999
0.6878712177276611
0.6183397769927979
0.6928040981292725
0.6684482097625732
0.6637871265411377
0.6640365123748779
0.6698596477508545
0.6914200782775879
0.7356216907501221
0.6641051769256592
0.593883752822876
0.6708552837371826
0.6439154148101807
0.6316235065460205
0.6943373680114746
0.6554391384124756
0.7077169418334961
0.7229337692260742
0.6398763656616211
0.6652786731719971
0.6271028518676758
0.6773083209991455
0.5890882015228271
0.7081196308135986
0.6464638710021973
0.6714518070220947
0.8212218284606934
0.7213687896728516
0.6493356227874756
0.6295444965362549
0.6387174129486084
0.677100419998169
0.6775999069213867
0.6297664642333984
0.6868422031402588
0.6499731540679932
0.7033951282501221
0.6486599445343018
0.5711867809295654
0.7845151424407959
0.6879923343658447
0.7406973838806152
0.6323862075805664
0.7063472270965576
0.6521928310394287
0.6665425300598145
0.6836357116699219
0.7115516662597656
0.6322615146636963
0.6786787509918213
0.6652252674102783
0.782412052154541
0.5863723754882812
0.6627304553985596
0.6701614856719971
0.704463005065918
0.7240047454833984
0.6548049449920654
0.6360766887664795
0.9563653469085693
0.664189338684082
0.6648108959197998
0.688152551651001
0.7095706462860107
0.619361162185669
0.5827426910400391
0.663874626159668
0.6965558528900146
0.7019448280334473
0.6209421157836914
0.6557760238647461
0.639655351638794
0.676098108291626
0.7097532749176025
0.6605942249298096
0.6634902954101562
0.6750376224517822
0.6509411334991455
0.715435266494751
0.7555351257324219
0.6475987434387207
0.7005188465118408
0.7175416946411133
0.6349716186523438
0.6611261367797852
0.7031350135803223
0.7142276763916016
0.577070951461792
0.6639533042907715
0.6553900241851807
0.6757349967956543
0.6449460983276367
0.6510066986083984
0.6987001895904541
0.6561601161956787
0.7232439517974854
0.6443517208099365
0.6259548664093018
0.6517665386199951
0.6976537704467773
0.662703275680542
0.6909999847412109
0.6550660133361816
0.6463639736175537
0.5904555320739746
0.9687988758087158
0.7098233699798584
0.6721744537353516
0.7778260707855225
0.7474722862243652
0.6325490474700928
0.714571475982666
0.6682426929473877
0.6494202613830566
0.7453584671020508
0.6187427043914795
0.6638779640197754
0.6697945594787598
0.7710208892822266
0.6817901134490967
0.6178371906280518
0.6104085445404053
0.6611943244934082
0.7075698375701904
0.6355206966400146
0.6701879501342773
0.7838318347930908
0.6743664741516113
0.6720983982086182
0.6581103801727295
0.6809127330780029
0.6736428737640381
0.6782710552215576
0.6834955215454102
0.6726336479187012
0.6946530342102051
0.69777512550354
0.6091232299804688
0.6890029907226562
0.6825180053710938
0.6423695087432861
0.6463310718536377
0.708214521408081
0.574141263961792
0.7097692489624023
0.6856160163879395
0.6540100574493408
0.6640374660491943
0.7073001861572266
0.6811501979827881
0.6683306694030762
0.6225571632385254
0.6639492511749268
0.6511216163635254
0.7114198207855225
0.7032275199890137
0.6927497386932373
0.6496021747589111
0.7109417915344238
0.6508564949035645
0.6491575241088867
0.6560173034667969
0.6568400859832764
0.7156343460083008
0.59320068359375
0.6760928630828857
0.7695081233978271
0.6642489433288574
0.6505684852600098
0.6691844463348389
0.6443884372711182
0.674525260925293
0.8248353004455566
0.6447403430938721
0.6597185134887695
0.6405782699584961
0.7580418586730957
0.6597282886505127
0.7205040454864502
0.6275501251220703
0.5755133628845215
0.7107691764831543
0.7109661102294922
0.6453135013580322
0.6809933185577393
0.6942815780639648
0.6687989234924316
0.6679766178131104
0.7098703384399414
0.6519973278045654
0.7190392017364502
0.6496078968048096
0.6981089115142822
0.6310796737670898
0.7156772613525391
0.7854375839233398
0.6602010726928711
0.6713922023773193
0.6719982624053955
0.6523656845092773
0.6903512477874756
0.6616311073303223
0.6755552291870117
0.8280396461486816
0.6629245281219482
0.6764547824859619
0.5972979068756104
0.845574140548706
0.7686367034912109
0.6465771198272705
0.673093318939209
0.6771349906921387
0.673957109451294
0.6801161766052246
0.6539983749389648
0.6771581172943115
0.9596216678619385
0.6524143218994141
0.6631381511688232
0.6767213344573975
0.6671116352081299
0.6741864681243896
0.6599068641662598
0.6694941520690918
0.6581096649169922
0.7137529850006104
0.6543586254119873
0.6828680038452148
0.7008223533630371
0.6677079200744629
0.689213752746582
0.6422946453094482
0.6413710117340088
0.7024502754211426
0.811154842376709
0.7189781665802002
0.7320868968963623
0.6753549575805664
0.6440904140472412
0.6913681030273438
0.6665704250335693
0.6434199810028076
0.6903858184814453
0.7103490829467773
0.7341454029083252
0.8472745418548584
0.6088147163391113
0.64626145362854
0.6856083869934082
0.6869361400604248
0.6545729637145996
0.6280159950256348
0.8075320720672607
0.6924474239349365
0.6377065181732178
0.6796495914459229
0.6825425624847412
0.648937463760376
0.6737864017486572
0.6999213695526123
0.6743345260620117
0.6865987777709961
0.658496618270874
0.5802340507507324
0.6199171543121338
0.6832847595214844
0.6607787609100342
0.6843299865722656
0.635779619216919
0.8057942390441895
0.8172271251678467
0.640265941619873
0.7438673973083496
0.6311814785003662
0.6790556907653809
0.6955502033233643
0.6790041923522949
0.715808629989624
0.6250934600830078
0.659578800201416
0.5871877670288086
0.5870459079742432
0.7839844226837158
0.6832008361816406
0.6651763916015625
0.6497955322265625
0.7129778861999512
0.648486852645874
0.6528010368347168
0.7062294483184814
0.5675487518310547
0.6927597522735596
0.8482017517089844
0.6418941020965576
0.6759891510009766
0.685549259185791
0.6327736377716064
0.6889123916625977
0.7433087825775146
0.6814649105072021
0.6504850387573242
0.6467411518096924
0.8219232559204102
0.6573996543884277
0.6567885875701904
0.6572442054748535
0.6513581275939941
0.6641321182250977
0.6650447845458984
0.6688649654388428
0.639000654220581
0.651012659072876
0.7146050930023193
0.6233022212982178
0.6795051097869873
0.6506574153900146
0.6346180438995361
0.6424217224121094
0.6334226131439209
0.6785285472869873
0.7635242938995361
0.6992371082305908
0.6863336563110352
0.652141809463501
0.6807229518890381
0.842071533203125
0.6337108612060547
0.7448065280914307
0.7140214443206787
0.7066571712493896
0.5910687446594238
0.6466093063354492
0.6994426250457764
0.666921854019165
0.64701247215271
0.6836919784545898
0.6397902965545654
0.716484546661377
0.6670598983764648
0.6433892250061035
0.6982638835906982
0.7058572769165039
0.6761751174926758
0.6990227699279785
0.6396310329437256
0.7156314849853516
0.7213504314422607
0.7589118480682373
0.6601128578186035
0.6664829254150391
0.6756694316864014
0.574425458908081
0.7754063606262207
0.7471797466278076
0.7185211181640625
0.6815710067749023
0.6750540733337402
0.6240105628967285
0.6552653312683105
0.6933207511901855
0.6387262344360352
0.6666851043701172
0.6842365264892578
0.6984524726867676
0.6813766956329346
0.7186589241027832
0.6483914852142334
0.724454402923584
0.6231181621551514
0.6568830013275146
0.6772727966308594
0.6406855583190918
0.6318695545196533
0.6375699043273926
0.6475200653076172
0.5926377773284912
0.7306878566741943
0.6876347064971924
0.5943019390106201
0.6982517242431641
0.6847972869873047
0.767174482345581
0.6484391689300537
0.6807568073272705
0.6763021945953369
0.6440982818603516
0.6869807243347168
0.731666088104248
0.6944315433502197
0.6993470191955566
0.6698429584503174
0.6479063034057617
0.6697843074798584
0.660747766494751
0.7143523693084717
0.6828391551971436
0.6600301265716553
0.6675074100494385
0.7087748050689697
0.6589162349700928
0.6822760105133057
0.6608281135559082
0.6803028583526611
0.6536562442779541
0.6722691059112549
0.6810078620910645
0.8358852863311768
0.6951558589935303
0.729954719543457
0.6667251586914062
0.6631290912628174
0.7572734355926514
0.6500098705291748
0.7014358043670654
0.881256103515625
0.6731250286102295
0.6478004455566406
0.7310190200805664
0.6545584201812744
0.6576762199401855
0.6707344055175781
0.6743819713592529
0.6661767959594727
0.8532493114471436
0.6648995876312256
0.6711337566375732
0.7341930866241455
0.7553255558013916
0.6495819091796875
0.6902210712432861
0.7593350410461426
0.6809451580047607
0.806868314743042
0.6397473812103271
0.694772481918335
0.6734898090362549
0.5748898983001709
0.7856388092041016
0.7429883480072021
0.6848173141479492
0.8323178291320801
0.7975962162017822
0.6627151966094971
0.8950645923614502
0.666478157043457
0.6680243015289307
0.6688847541809082
0.628258466720581
0.7134349346160889
0.649183988571167
0.6364667415618896
0.7586467266082764
0.6723370552062988
0.6380200386047363
0.5869531631469727
0.6453728675842285
0.6563944816589355
0.6656632423400879
0.6685295104980469
0.6641955375671387
0.6597757339477539
0.7027883529663086
0.7052993774414062
0.8563814163208008
0.6996026039123535
0.8396449089050293
0.7517242431640625
0.6962361335754395
0.6213476657867432
0.8068065643310547
0.6784052848815918
0.6868412494659424
0.6877589225769043
0.9431684017181396
0.6640193462371826
0.6656081676483154
0.6412053108215332
0.6190891265869141
0.738501787185669
0.6670627593994141
0.6345736980438232
0.7040820121765137
0.6114189624786377
0.6651332378387451
0.7480874061584473
0.6547651290893555
0.6043026447296143
0.664520263671875
0.7139978408813477
0.6010782718658447
0.6652328968048096
0.8444535732269287
0.828000545501709
0.6452672481536865
0.7664358615875244
0.6357614994049072
0.6742079257965088
0.6251239776611328
0.6574370861053467
0.5850672721862793
0.6907720565795898
0.6377987861633301
0.6326985359191895
0.6378793716430664
0.687403678894043
0.6507558822631836
0.7049705982208252
0.6761817932128906
0.7571172714233398
0.6525352001190186
0.7074453830718994
0.6609451770782471
0.6447432041168213
0.6606488227844238
0.7271983623504639
0.6683998107910156
0.6861221790313721
0.646233081817627
0.6602251529693604
0.6384296417236328
0.6547889709472656
0.6729354858398438
0.6789498329162598
0.6617281436920166
0.6471269130706787
0.6692352294921875
0.7883515357971191
0.6554558277130127
0.6853616237640381
0.7101659774780273
0.6702613830566406
0.6758952140808105
0.6810393333435059
0.6789066791534424
0.6534626483917236
0.7666456699371338
0.6389658451080322
0.6382410526275635
0.6584818363189697
0.7063736915588379
0.571934700012207
0.6346361637115479
0.6619482040405273
0.7088236808776855
0.8116214275360107
0.6898813247680664
0.6710324287414551
0.6643366813659668
0.6485645771026611
0.693387508392334
0.6700379848480225
0.6310007572174072
0.6356029510498047
0.6906306743621826
0.6596288681030273
0.6710495948791504
0.6666386127471924
0.6777536869049072
0.7291557788848877
0.7307367324829102
0.642148494720459
0.5895223617553711
0.6703078746795654
0.6866896152496338
0.7064464092254639
0.7512719631195068
0.7496774196624756
0.6366400718688965
0.6968836784362793
0.6714737415313721
0.6553864479064941
0.6248846054077148
0.6625702381134033
0.6446635723114014
0.6880340576171875
0.7341611385345459
0.6964273452758789
0.648082971572876
0.6754229068756104
0.6725234985351562
0.8249273300170898
0.7708659172058105
0.8569402694702148
0.8356420993804932
0.6527104377746582
0.6912505626678467
0.7000811100006104
0.6766757965087891
0.7250158786773682
0.6565423011779785
0.6067960262298584
0.6607043743133545
0.6781184673309326
0.7070164680480957
0.6871371269226074
0.6025874614715576
0.6561450958251953
0.659717321395874
0.6821558475494385
0.6911346912384033
0.7036385536193848
0.7482419013977051
0.6515531539916992
0.6961319446563721
0.6877009868621826
0.6578655242919922
0.6540117263793945
0.8113002777099609
0.7034540176391602
0.623790979385376
0.7197332382202148
0.7424638271331787
0.6788105964660645
0.8095967769622803
0.6190431118011475
0.6977124214172363
0.7044939994812012
0.6879396438598633
0.6879494190216064
0.740415096282959
1.1972095966339111
0.6321282386779785
0.6468467712402344
0.6817975044250488
0.7044918537139893
0.7060117721557617
0.6821258068084717
0.6706438064575195
0.7273292541503906
0.8359344005584717
0.726771354675293
0.7944581508636475
0.8221774101257324
0.7101776599884033
0.7845499515533447
0.6575019359588623
0.7371680736541748
0.6268656253814697
0.641432523727417
0.6796250343322754
0.6378598213195801
0.6855897903442383
0.6376452445983887
0.7010974884033203
0.6560096740722656
0.7050313949584961
0.6687588691711426
0.6574304103851318
0.7963850498199463
0.6470816135406494
0.6795291900634766
0.6848702430725098
0.6678745746612549
0.7315614223480225
0.8215944766998291
0.6632366180419922
0.6804230213165283
0.8509495258331299
0.667961835861206
0.8326177597045898
0.8196003437042236
0.6412868499755859
0.6758084297180176
0.6667001247406006
0.7374081611633301
0.7270843982696533
0.7403316497802734
0.8035516738891602
0.6821269989013672
0.7197854518890381
0.7605607509613037
0.6794378757476807
0.7054643630981445
0.6528878211975098
0.7102806568145752
0.6519773006439209
0.6966614723205566
0.7343544960021973
0.7084352970123291
0.6716101169586182
0.6759579181671143
0.6617245674133301
0.7150354385375977
0.691070556640625
0.6867837905883789
0.6544308662414551
0.6397871971130371
0.6623713970184326
0.7060320377349854
0.6625933647155762
0.7631824016571045
0.7279651165008545
0.6677227020263672
0.8297374248504639
0.6700870990753174
0.6885828971862793
0.7348904609680176
0.6582868099212646
0.701744556427002
0.844139575958252
0.6702680587768555
0.6797480583190918
0.7597918510437012
0.8741014003753662
0.6890251636505127
0.6668581962585449
0.6626548767089844
0.8299877643585205
0.7042934894561768
0.663628339767456
0.8530399799346924
0.7414741516113281
0.6501939296722412
0.7626426219940186
0.6858675479888916
0.7015950679779053
0.6353762149810791
0.6806190013885498
0.7619075775146484
0.6910030841827393
0.6546761989593506
0.8409745693206787
0.6746954917907715
0.7071912288665771
0.6699070930480957
0.6762402057647705
0.6814744472503662
0.6482040882110596
0.7143831253051758
0.8627312183380127
0.6879935264587402
0.7091882228851318
0.7504105567932129
0.659625768661499
0.6465818881988525
0.6050279140472412
0.6653072834014893
0.6291420459747314
0.674811601638794
0.6799743175506592
0.6082475185394287
0.5698997974395752
0.6551933288574219
0.8883697986602783
0.7136211395263672
0.6380801200866699
0.7640869617462158
0.755587100982666
0.6696622371673584
0.6849386692047119
0.6847164630889893
0.6238226890563965
0.8250696659088135
0.7447247505187988
0.7021346092224121
0.6757974624633789
0.7060179710388184
0.6556577682495117
0.8867311477661133
0.7232811450958252
0.6205384731292725
0.7037451267242432
0.6675822734832764
0.7132940292358398
0.645097017288208
0.8132603168487549
0.6921396255493164
0.6355288028717041
0.6495511531829834
0.6579008102416992
0.695605993270874
0.6245057582855225
0.6971650123596191
0.8131768703460693
0.6956350803375244
0.6966032981872559
0.7852010726928711
0.6640374660491943
0.7523140907287598
0.6602728366851807
0.7415096759796143
0.7064881324768066
0.6395964622497559
0.6302249431610107
0.6733756065368652
0.9521017074584961
0.8515393733978271
0.6727221012115479
0.633681058883667
0.6500935554504395
0.6654770374298096
0.7125673294067383
0.6457843780517578
0.7466347217559814
0.6877532005310059
0.5855076313018799
0.7062106132507324
0.7542157173156738
0.6842837333679199
0.6909482479095459
0.6817173957824707
0.6601033210754395
0.6910951137542725
0.6581084728240967
0.6740479469299316
0.7059314250946045
0.6638219356536865
0.6467742919921875
0.6548693180084229
0.654874324798584
0.6630525588989258
0.6827247142791748
0.7029571533203125
0.8033270835876465
0.656013011932373
0.6923520565032959
0.7634928226470947
0.865776777267456
0.6359577178955078
0.6743464469909668
0.7618772983551025
0.6714165210723877
0.7212271690368652
0.7058455944061279
0.6643383502960205
0.9290962219238281
0.6716036796569824
0.6894989013671875
0.6389102935791016
0.6468322277069092
0.6676199436187744
0.6392440795898438
0.6259016990661621
0.7181344032287598
0.6808044910430908
0.6928701400756836
0.8425686359405518
0.7348861694335938
0.6529526710510254
0.6867079734802246
0.6540725231170654
0.6406567096710205
0.7502124309539795
0.8114197254180908
0.6678466796875
0.6177690029144287
0.7092351913452148
0.6927523612976074
0.6781134605407715
0.6341021060943604
0.6695535182952881
0.6604926586151123
0.7051451206207275
0.6816723346710205
0.7061924934387207
0.6480400562286377
0.6607096195220947
0.8156986236572266
0.7135422229766846
0.6591968536376953
0.6518101692199707
0.8480191230773926
0.7356138229370117
0.690248966217041
0.6910133361816406
0.7536604404449463
0.6331651210784912
0.6667568683624268
0.6604337692260742
0.6884055137634277
0.6599626541137695
0.6609771251678467
0.5931899547576904
0.6700947284698486
0.6649813652038574
0.6854126453399658
0.8760526180267334
0.8827002048492432
0.643937349319458
0.6287326812744141
0.639650821685791
0.6861546039581299
0.7068605422973633
0.6568877696990967
0.7707278728485107
0.6615793704986572
0.7106659412384033
0.6758894920349121
0.7003047466278076
0.599837064743042
0.7141067981719971
0.6783220767974854
0.6267719268798828
0.8358969688415527
0.6920819282531738
0.6519885063171387
0.8298664093017578
0.7214696407318115
0.6873316764831543
0.6608431339263916
0.7499592304229736
0.6449885368347168
0.644075870513916
0.6535205841064453
0.792640209197998
0.7153046131134033
0.640507698059082
0.6435370445251465
0.7147269248962402
0.6479208469390869
0.6542985439300537
0.8413310050964355
0.6831972599029541
0.6726675033569336
0.7397584915161133
0.7504026889801025
0.6727080345153809
0.8584868907928467
0.6638698577880859
0.6402924060821533
0.6623635292053223
0.8127601146697998
0.8266403675079346
0.5835366249084473
0.6560237407684326
0.6303329467773438
0.7132015228271484
0.8400814533233643
0.6764228343963623
0.667823314666748
0.6720216274261475
0.6512966156005859
0.7064874172210693
0.8000309467315674
0.6259243488311768
0.725820779800415
0.6566324234008789
0.9582250118255615
0.6733765602111816
0.7233824729919434
0.6916763782501221
0.6880817413330078
0.8596796989440918
0.7294373512268066
0.6972305774688721
0.7932336330413818
0.6580221652984619
0.6989586353302002
0.6705007553100586
0.6604299545288086
0.6488065719604492
0.8507671356201172
0.6789696216583252
0.8030049800872803
0.7670605182647705
0.8312299251556396
0.9743320941925049
0.6510009765625
0.6765539646148682
0.6832635402679443
0.8929140567779541
0.7004683017730713
0.7019269466400146
0.6498298645019531
0.689349889755249
0.6591615676879883
0.7788362503051758
0.7363436222076416
0.6822857856750488
0.6568834781646729
0.7036645412445068
0.6533474922180176
0.747208833694458
0.6999406814575195
0.7363343238830566
0.6644527912139893
0.7120428085327148
0.6798439025878906
0.7173233032226562
0.6493816375732422
0.7398960590362549
0.6931524276733398
0.6836631298065186
0.6515233516693115
0.6794509887695312
0.6392555236816406
0.7254562377929688
0.7698385715484619
0.6411323547363281
0.838709831237793
0.829359769821167
0.6628422737121582
0.6880438327789307
0.684856653213501
0.6667146682739258
0.7641611099243164
0.9082865715026855
0.6431670188903809
0.7964837551116943
0.6996996402740479
0.6643838882446289
0.8667254447937012
0.8085269927978516
0.780297040939331
0.5688591003417969
0.7464663982391357
0.8735909461975098
0.7083084583282471
0.6913502216339111
0.6192729473114014
0.8448305130004883
0.6315748691558838
0.6292870044708252
0.9086089134216309
0.6908988952636719
0.7379636764526367
0.8488476276397705
0.8248870372772217
0.5903244018554688
0.8358852863311768
0.6679160594940186
0.8736083507537842
0.674088716506958
0.8106553554534912
0.8362705707550049
0.8211464881896973
0.6843194961547852
0.7068192958831787
0.7931423187255859
0.7509253025054932
0.6671838760375977
0.6710197925567627
0.7262880802154541
0.663954496383667
0.6741654872894287
0.8701467514038086
0.7175309658050537
0.7682316303253174
0.6771764755249023
0.8106274604797363
0.6814918518066406
0.6520075798034668
0.6574852466583252
0.6465263366699219
0.889570951461792
0.6922152042388916
0.9228417873382568
0.6716880798339844
0.5854542255401611
0.6825547218322754
0.6612992286682129
0.839771032333374
0.6400394439697266
0.6614763736724854
0.6166136264801025
0.6528689861297607
0.665045976638794
0.6716725826263428
0.6782596111297607
0.8513941764831543
0.6670355796813965
0.6850147247314453
0.6607542037963867
0.6827197074890137
0.6497492790222168
0.6474165916442871
0.8638262748718262
0.7544045448303223
0.6615967750549316
0.8785679340362549
0.6788525581359863
0.6970407962799072
0.6611640453338623
0.6624751091003418
0.657489538192749
0.6634480953216553
0.6833248138427734
0.6556804180145264
0.7027688026428223
0.7011070251464844
0.6892893314361572
0.7533113956451416
0.6992044448852539
0.6350529193878174
0.6828062534332275
0.6415989398956299
0.6590919494628906
0.680304765701294
0.9101541042327881
0.6856081485748291
0.6583051681518555
0.7066693305969238
0.6973085403442383
0.5697512626647949
0.6294574737548828
0.6747269630432129
0.6706521511077881
0.7120563983917236
0.7492241859436035
0.6360011100769043
0.8591198921203613
1.1570265293121338
0.7395853996276855
0.6444394588470459
0.6299700736999512
0.6333491802215576
0.67822265625
0.6646730899810791
0.6754498481750488
0.742332935333252
0.622251033782959
0.6765844821929932
0.8574321269989014
0.6997630596160889
0.6272647380828857
0.681452751159668
0.7162659168243408
0.6927151679992676
0.6477909088134766
0.6624624729156494
0.6516966819763184
0.71303391456604
0.6656262874603271
0.7251124382019043
0.7075271606445312
0.6674234867095947
0.9010612964630127
0.6502578258514404
0.6897225379943848
0.6922144889831543
0.678170919418335
0.8036594390869141
0.6849558353424072
0.8732466697692871
0.6529734134674072
0.7271568775177002
0.6765332221984863
0.8312962055206299
0.6697208881378174
0.6824359893798828
0.695404052734375
0.647566556930542
0.6352262496948242
0.6531589031219482
0.6954946517944336
0.6494295597076416
0.6842739582061768
0.7339277267456055
0.9287052154541016
0.6668586730957031
0.6492085456848145
0.6993043422698975
0.6880495548248291
0.6366674900054932
0.6372687816619873
0.7472999095916748
0.7238593101501465
0.6437475681304932
0.6835198402404785
0.6548783779144287
0.7465095520019531
0.6477408409118652
0.6110811233520508
0.7207918167114258
0.7759006023406982
0.6293001174926758
0.7155864238739014
0.7752790451049805
0.6557445526123047
0.8469195365905762
0.682852029800415
0.6828486919403076
0.9652614593505859
0.7244348526000977
0.8750956058502197
0.6901226043701172
0.6196331977844238
0.7557878494262695
0.911386251449585
0.6436398029327393
0.6805734634399414
0.6478877067565918
0.6500935554504395
0.6504356861114502
0.6445729732513428
0.8606827259063721
0.5983989238739014
0.6393756866455078
0.5874538421630859
0.6315455436706543
0.6709880828857422
0.6469964981079102
0.6703836917877197
0.6869921684265137
0.6805582046508789
0.6566085815429688
0.9370307922363281
0.716296911239624
0.6675291061401367
0.6669158935546875
0.6639251708984375
0.6329300403594971
0.656977653503418
0.6401903629302979
0.6628677845001221
0.8132340908050537
0.6731610298156738
0.697681188583374
0.7384696006774902
0.6675384044647217
0.6791286468505859
0.6912815570831299
0.6772592067718506
0.8566770553588867
0.6722676753997803
0.8447980880737305
0.8572118282318115
0.6376538276672363
0.6532831192016602
0.6776814460754395
0.8889646530151367
0.6807596683502197
0.8413739204406738
0.7122077941894531
0.7540061473846436
0.8634452819824219
0.7489748001098633
0.6719794273376465
0.7053139209747314
0.7571849822998047
0.9588398933410645
0.6632568836212158
0.7021541595458984
0.6426117420196533
0.8000409603118896
0.6966557502746582
0.662562370300293
0.65932297706604
0.717886209487915
0.7134265899658203
0.6753685474395752
0.6708464622497559
0.6749556064605713
0.7191567420959473
0.6971571445465088
0.6615316867828369
0.6559534072875977
0.7378230094909668
0.6835358142852783
0.8362433910369873
0.6692843437194824
0.854489803314209
0.7029786109924316
0.6942510604858398
0.936042308807373
0.7083675861358643
0.6837518215179443
0.6925106048583984
0.6656448841094971
0.6861767768859863
0.8025298118591309
0.6461827754974365
0.7770845890045166
0.7528269290924072
0.705493688583374
0.8100690841674805
0.6450221538543701
0.702193021774292
0.7153680324554443
0.6581342220306396
0.6673917770385742
0.6337597370147705
0.7133908271789551
0.6816182136535645
0.8236684799194336
0.6902499198913574
0.6614429950714111
0.8911995887756348
0.8447742462158203
0.6529040336608887
0.6648783683776855
0.6324977874755859
0.7171521186828613
0.8281276226043701
0.7069554328918457
0.6775269508361816
0.6554858684539795
0.5955424308776855
0.6787421703338623
0.854703426361084
0.8538880348205566
0.7409379482269287
0.8972063064575195
0.6356203556060791
0.6395940780639648
0.6788849830627441
0.9644250869750977
0.6512160301208496
0.6613569259643555
0.6684310436248779
0.8008253574371338
0.6470012664794922
0.8421270847320557
0.624882698059082
0.6572644710540771
0.798173189163208
0.6583836078643799
0.6566562652587891
0.6586861610412598
0.6686403751373291
0.7270965576171875
0.6474554538726807
0.6914429664611816
0.7404720783233643
0.6444847583770752
0.8108053207397461
0.8389523029327393
0.6480605602264404
0.7264547348022461
0.6714234352111816
0.8661551475524902
0.8871736526489258
0.6682472229003906
0.6743488311767578
0.6981143951416016
0.7438664436340332
0.6611323356628418
0.6301844120025635
0.592451810836792
0.7260959148406982
0.6712009906768799
0.7033290863037109
0.6748948097229004
0.8283231258392334
0.6508634090423584
0.8928084373474121
0.7394411563873291
0.6851389408111572
0.638352632522583
0.8283939361572266
0.669661283493042
0.6664009094238281
0.6992888450622559
0.8686859607696533
0.8361513614654541
0.830190896987915
0.7506539821624756
0.7985577583312988
0.8773536682128906
0.8043203353881836
0.6828019618988037
0.8040111064910889
0.7821824550628662
0.6533195972442627
0.7511796951293945
0.8168070316314697
0.6625909805297852
0.8670427799224854
0.6615266799926758
0.8474831581115723
0.7764585018157959
0.7594919204711914
0.7205104827880859
0.7501189708709717
0.6561000347137451
0.6564977169036865
0.7205009460449219
0.7380762100219727
0.6877443790435791
0.6455092430114746
0.6544961929321289
0.6824812889099121
0.8814988136291504
0.8389396667480469
0.6708614826202393
0.6868419647216797
0.6686654090881348
0.6511471271514893
0.853370189666748
0.8530035018920898
0.6426951885223389
0.6953754425048828
0.6414134502410889
0.8626434803009033
0.7282593250274658
0.965630292892456
0.6486771106719971
0.7135388851165771
0.845123291015625
0.7631945610046387
0.663128137588501
0.644749641418457
0.6547207832336426
0.699953556060791
0.64585280418396
0.6734039783477783
0.6481454372406006
0.6613898277282715
0.5956358909606934
0.8081002235412598
0.7151615619659424
0.6932582855224609
0.643700122833252
0.8156783580780029
0.6471250057220459
0.6418719291687012
0.6416454315185547
0.6779170036315918
0.6746242046356201
0.6185743808746338
0.6728665828704834
0.6683859825134277
0.6455602645874023
0.6851193904876709
0.6720564365386963
0.6425905227661133
0.8240981101989746
0.6676309108734131
0.6669812202453613
0.6446046829223633
0.6452093124389648
0.6968905925750732
0.868492841720581
0.6515638828277588
0.6682522296905518
0.6468982696533203
0.7131571769714355
0.6598367691040039
0.6902134418487549
0.6786515712738037
0.6548886299133301
0.8799309730529785
0.6950757503509521
0.7608423233032227
0.6327822208404541
0.8688352108001709
0.6924123764038086
0.6739702224731445
0.7310099601745605
0.7204396724700928
0.7559278011322021
0.7181730270385742
0.8441579341888428
0.7107560634613037
0.7179698944091797
0.6525979042053223
0.656548023223877
0.6569743156433105
0.6502363681793213
0.7268753051757812
0.8518638610839844
0.8308746814727783
0.9217250347137451
0.6325793266296387
0.6593751907348633
0.7665417194366455
0.6806645393371582
0.6912169456481934
0.7810015678405762
0.8247647285461426
0.6616535186767578
0.6682178974151611
0.824429988861084
0.6445450782775879
0.7256057262420654
0.6454923152923584
0.7219469547271729
0.7999708652496338
0.7166786193847656
0.724940299987793
0.8901376724243164
0.9356048107147217
0.6744134426116943
0.6904010772705078
0.8486223220825195
0.8964805603027344
0.6802258491516113
0.6620433330535889
0.635749101638794
0.7160227298736572
0.6940889358520508
0.636162281036377
0.8142874240875244
0.6750307083129883
0.6679844856262207
0.6707894802093506
0.7121107578277588
0.710568904876709
0.6576058864593506
0.6921741962432861
0.6949598789215088
0.6364827156066895
0.8340625762939453
0.7546243667602539
0.7045066356658936
0.707528829574585
0.6808676719665527
0.6541216373443604
0.6638543605804443
0.6321930885314941
0.8468325138092041
0.7488186359405518
0.7422780990600586
0.6353409290313721
0.7124056816101074
0.6145350933074951
0.7325155735015869
0.638688325881958
0.6684527397155762
0.7023992538452148
0.6818437576293945
0.857694149017334
0.718358039855957
0.6666314601898193
0.6506345272064209
0.6209893226623535
0.6783549785614014
0.6872830390930176
0.8536295890808105
0.7775478363037109
0.9079358577728271
0.6563539505004883
0.672152042388916
0.6731150150299072
0.6816971302032471
0.8247013092041016
0.7427473068237305
0.8830864429473877
0.7247414588928223
0.8247759342193604
0.8593814373016357
0.672828197479248
0.828174352645874
0.7011258602142334
0.6523351669311523
0.6656298637390137
0.6721196174621582
0.9137518405914307
0.6310076713562012
0.6352927684783936
0.6494574546813965
0.6553990840911865
0.6995034217834473
0.8322451114654541
0.6764349937438965
0.7763829231262207
0.6719005107879639
0.6622772216796875
0.7032713890075684
0.6613969802856445
0.6803181171417236
0.7468547821044922
0.7302074432373047
0.6624341011047363
0.6837599277496338
0.5907773971557617
0.6589272022247314
0.7680017948150635
0.6691970825195312
0.6622991561889648
0.6662802696228027
0.897841215133667
0.7428512573242188
0.6042115688323975
0.6940023899078369
0.6752030849456787
0.9311466217041016
0.6434259414672852
0.8647928237915039
0.6492741107940674
0.832970142364502
0.8150787353515625
0.6449689865112305
0.7881617546081543
0.6647524833679199
0.6666586399078369
0.7084407806396484
0.681380033493042
0.6630628108978271
0.8550739288330078
0.6450586318969727
0.8590793609619141
0.6601524353027344
0.6698696613311768
0.6448447704315186
0.8909893035888672
0.9128468036651611
0.662656307220459
0.6866319179534912
0.7305622100830078
0.6642026901245117
0.6478679180145264
0.7070624828338623
0.6719214916229248
0.6423423290252686
0.6558637619018555
0.8286385536193848
0.6303060054779053
0.6477277278900146
0.9061703681945801
0.7457895278930664
0.852935791015625
0.7283782958984375
0.6616098880767822
0.8670804500579834
0.6699473857879639
0.662710428237915
0.6787176132202148
0.6146113872528076
0.712482213973999
0.8407318592071533
0.8526995182037354
0.8413386344909668
0.6458611488342285
0.6659753322601318
0.6535406112670898
0.6786038875579834
0.6491172313690186
0.6686482429504395
0.6825954914093018
0.7441647052764893
0.7142777442932129
0.6314218044281006
0.5910136699676514
0.6474826335906982
0.650846004486084
0.6466269493103027
0.6706407070159912
0.8176579475402832
0.6318583488464355
0.9671969413757324
0.9201188087463379
0.6702122688293457
0.6812844276428223
0.6610419750213623
0.6583759784698486
0.6500604152679443
0.8290519714355469
0.8347744941711426
0.8382954597473145
0.676027774810791
0.8451545238494873
0.6576077938079834
0.6339659690856934
0.6735117435455322
0.6772928237915039
0.8235700130462646
0.7126040458679199
0.7030079364776611
0.7009074687957764
0.6682169437408447
0.5797278881072998
0.7145586013793945
0.6569724082946777
0.6885161399841309
0.8069949150085449
0.6584169864654541
0.7791252136230469
0.7428841590881348
0.6324756145477295
0.6916177272796631
0.8252379894256592
0.661034107208252
0.8340907096862793
0.8011927604675293
0.9053053855895996
0.6562700271606445
0.6851952075958252
0.6255133152008057
0.629204273223877
0.6649124622344971
0.681649923324585
0.8305141925811768
0.6712396144866943
0.8681957721710205
0.823354959487915
0.8989963531494141
0.7244596481323242
0.6644587516784668
0.6975181102752686
0.8132839202880859
0.78989577293396
0.8348944187164307
0.6503262519836426
0.6485528945922852
0.8371303081512451
0.6675260066986084
0.731818675994873
0.8213174343109131
0.6385607719421387
0.8960847854614258
0.6574788093566895
0.7354304790496826
0.7116749286651611
0.836932897567749
0.6547510623931885
0.6669020652770996
0.7145156860351562
0.6225521564483643
0.661494255065918
0.6489653587341309
0.6655948162078857
0.8259537220001221
0.7237410545349121
0.6790993213653564
0.8648459911346436
0.649503231048584
0.6802051067352295
0.6479854583740234
0.6917233467102051
0.8451743125915527
0.886202335357666
0.6818077564239502
0.6547243595123291
0.834496259689331
0.6654796600341797
0.7514398097991943
0.7808995246887207
0.8392150402069092
0.7285244464874268
0.6847028732299805
0.8568546772003174
0.7172579765319824
0.7155721187591553
0.8342242240905762
0.6379261016845703
0.6298172473907471
0.8289997577667236
0.8615543842315674
0.7136273384094238
0.6447029113769531
0.7152397632598877
0.6553630828857422
0.8371274471282959
0.7436356544494629
0.6569225788116455
0.6943032741546631
0.7989950180053711
0.8815755844116211
0.892115592956543
0.700718879699707
0.6709363460540771
0.7114002704620361
0.651665210723877
0.6436502933502197
0.7352747917175293
0.830913782119751
0.8384580612182617
0.874687910079956
0.6880717277526855
0.8826100826263428
0.7330708503723145
0.6923763751983643
0.667851448059082
0.6517090797424316
0.9241502285003662
0.6539597511291504
0.634871244430542
0.7229492664337158
0.6465888023376465
0.6754665374755859
0.7033967971801758
0.6448500156402588
0.659937858581543
0.7233147621154785
0.8821148872375488
0.7362127304077148
0.7482209205627441
0.665224552154541
0.6555163860321045
0.6624324321746826
0.7350673675537109
0.7294671535491943
0.6473736763000488
0.6406080722808838
0.6821596622467041
0.9833347797393799
0.6405308246612549
0.6572470664978027
0.9926698207855225
0.7058854103088379
0.9039733409881592
0.6581771373748779
0.63018798828125
0.8833608627319336
0.8306856155395508
0.6563410758972168
0.6897642612457275
0.752927303314209
0.8528780937194824
0.8759503364562988
0.6465272903442383
0.8481297492980957
0.6490123271942139
0.6318435668945312
0.8223471641540527
0.8123347759246826
0.6390233039855957
0.785071849822998
0.650660514831543
0.6744883060455322
0.6432549953460693
0.6480178833007812
0.6941916942596436
0.6558523178100586
0.8401010036468506
0.9346866607666016
0.6756851673126221
0.6442334651947021
0.8213067054748535
0.8286049365997314
0.7306149005889893
0.6503086090087891
0.6652636528015137
0.8593971729278564
0.6677963733673096
0.7577190399169922
0.7045691013336182
0.637901782989502
0.6949062347412109
0.8280110359191895
0.6878695487976074
0.8474636077880859
0.6415555477142334
0.6999251842498779
0.6810433864593506
0.6993823051452637
0.834707498550415
0.6596455574035645
0.6801738739013672
0.7062931060791016
0.7240872383117676
0.6456544399261475
0.709716796875
0.6232798099517822
0.9039530754089355
0.6822776794433594
0.6877725124359131
0.6704168319702148
0.6613621711730957
0.6645207405090332
0.6701490879058838
0.8365716934204102
0.6246862411499023
0.8221912384033203
0.6434159278869629
0.6602716445922852
0.6964495182037354
0.633375883102417
0.6636278629302979
0.6643514633178711
0.6719186305999756
0.7204775810241699
0.6917693614959717
0.835472822189331
0.7506866455078125
0.68741774559021
0.783780574798584
0.6878454685211182
0.6423707008361816
0.6653902530670166
0.6939079761505127
0.6659572124481201
0.6510128974914551
0.7235033512115479
0.8947715759277344
0.636235237121582
0.6610357761383057
0.6823091506958008
0.8224623203277588
0.8967940807342529
0.7217864990234375
0.675159215927124
0.7487554550170898
0.6431236267089844
0.6485776901245117
0.9370131492614746
0.7133438587188721
0.8578507900238037
0.6847326755523682
0.6911945343017578
0.6344113349914551
0.6334288120269775
0.6812155246734619
0.6616806983947754
0.8998799324035645
0.6977214813232422
0.6605231761932373
0.6627264022827148
0.6374771595001221
0.8462035655975342
0.7550628185272217
0.6987912654876709
0.5673317909240723
0.6716222763061523
0.6475563049316406
0.8405299186706543
0.7142231464385986
0.6409575939178467
0.8628318309783936
0.8137249946594238
0.6700479984283447
0.7402908802032471
0.6761565208435059
0.8448917865753174
0.6866214275360107
0.6947128772735596
0.9190506935119629
0.6647262573242188
0.6523823738098145
0.6767807006835938
0.6783871650695801
0.6943740844726562
0.9310994148254395
0.8434441089630127
0.8414285182952881
0.6301727294921875
0.6988370418548584
0.6707754135131836
0.6560995578765869
0.6630203723907471
0.7999849319458008
0.6739096641540527
0.6485991477966309
0.6528048515319824
0.8734886646270752
0.7175629138946533
0.6973309516906738
0.679218053817749
0.8133571147918701
0.6420645713806152
0.7180535793304443
0.6787848472595215
0.6583096981048584
0.6707026958465576
0.5645468235015869
0.7037086486816406
0.8359663486480713
0.8771500587463379
0.6500678062438965
0.6323115825653076
0.8723666667938232
0.8550457954406738
0.8827877044677734
0.8648536205291748
0.6584727764129639
0.8916893005371094
0.719691276550293
0.7146217823028564
0.6354293823242188
0.6623265743255615
0.6586964130401611
0.8144857883453369
0.8665502071380615
0.8758258819580078
0.692150354385376
0.8653151988983154
0.6447641849517822
0.711188554763794
0.7220008373260498
0.8103542327880859
0.6923565864562988
0.6760265827178955
0.6437199115753174
0.6766729354858398
0.7248687744140625
1.1172373294830322
0.662879467010498
0.8424382209777832
0.6653969287872314
0.6227152347564697
0.8041021823883057
0.890073299407959
0.6667401790618896
0.6633632183074951
0.8456792831420898
0.6275546550750732
0.8511145114898682
0.6642210483551025
0.6385416984558105
0.8214156627655029
0.656876802444458
0.8169527053833008
0.851536750793457
0.6656663417816162
0.845283031463623
0.9298593997955322
0.8381631374359131
0.8431432247161865
0.6326048374176025
0.7003910541534424
0.6752612590789795
0.7528111934661865
0.8170032501220703
0.7764198780059814
0.7390034198760986
0.8373739719390869
0.646418571472168
0.8100719451904297
0.5653707981109619
0.6707708835601807
0.8313808441162109
0.7382807731628418
0.6601183414459229
0.721747636795044
0.8802754878997803
0.8876128196716309
0.6524984836578369
0.6642270088195801
0.8254764080047607
0.6611590385437012
0.9045252799987793
0.6726832389831543
0.819831132888794
0.835468053817749
0.6372110843658447
0.7022955417633057
0.6680426597595215
0.688239336013794
0.8294837474822998
0.6405861377716064
0.6833858489990234
0.7083587646484375
0.7948791980743408
0.6715915203094482
0.6636042594909668
0.8643016815185547
0.686920166015625
0.7243645191192627
0.6759846210479736
0.620678186416626
0.6439712047576904
0.8341119289398193
0.839195966720581
0.6414527893066406
0.6382336616516113
0.6487643718719482
0.6747820377349854
0.6581833362579346
0.6242008209228516
0.8182308673858643
0.615333080291748
0.9263994693756104
0.8810837268829346
0.5911533832550049
0.6607110500335693
0.6924309730529785
0.9399204254150391
0.6883318424224854
0.8101489543914795
0.9364712238311768
0.6562192440032959
0.6986632347106934
0.7262661457061768
0.670112133026123
0.6596145629882812
0.8091568946838379
0.6899323463439941
0.7629809379577637
0.8333616256713867
0.883249044418335
0.6979672908782959
0.7255902290344238
0.9102578163146973
0.6659407615661621
0.6910333633422852
0.8395810127258301
0.9695022106170654
