0.6669940948486328
0.6784465312957764
0.6650035381317139
0.7005326747894287
0.6384289264678955
0.6821742057800293
0.6779100894927979
0.6232702732086182
0.7178995609283447
0.6335053443908691
0.6686851978302002
0.6901626586914062
0.6370799541473389
0.6381080150604248
0.6696481704711914
0.5982570648193359
0.6222858428955078
0.6669614315032959
0.6365301609039307
0.644672155380249
0.6465866565704346
0.6765239238739014
0.7586781978607178
0.685779333114624
0.5832357406616211
0.633986234664917
0.8627951145172119
0.640636682510376
0.7470905780792236
0.6463208198547363
0.6592154502868652
0.6766204833984375
0.6701571941375732
0.6410150527954102
0.7105541229248047
0.62876296043396
0.6594462394714355
0.6890134811401367
0.6322147846221924
0.6649863719940186
0.6500661373138428
0.6157844066619873
0.6867353916168213
0.6277952194213867
0.7158117294311523
0.6644415855407715
0.7260911464691162
0.6580572128295898
0.6369154453277588
0.6611213684082031
0.6651594638824463
0.6442985534667969
0.71769118309021
0.6587717533111572
0.7054004669189453
0.7331142425537109
0.6860435009002686
0.6320009231567383
0.6473596096038818
0.6381547451019287
0.6403353214263916
0.6470799446105957
0.6967110633850098
0.6287529468536377
0.672616720199585
0.656848669052124
0.70351243019104
0.5741910934448242
0.7081403732299805
0.7091028690338135
0.6714394092559814
0.66086745262146
0.700861930847168
0.7202532291412354
0.705592155456543
0.5790865421295166
0.8348336219787598
0.667565107345581
0.6630589962005615
0.7525229454040527
0.6243669986724854
0.6573212146759033
0.7197120189666748
0.6531236171722412
0.6697499752044678
0.7462408542633057
0.6281628608703613
0.6462340354919434
0.6612036228179932
0.6379354000091553
0.667639970779419
0.7026393413543701
0.6425504684448242
0.6676788330078125
0.6508727073669434
0.6479434967041016
0.637566089630127
0.710709810256958
0.656336784362793
0.6280872821807861
0.5777428150177002
0.838738203048706
0.7136781215667725
0.6366102695465088
0.689739465713501
0.665398120880127
0.6670198440551758
0.6708407402038574
0.6617276668548584
0.6638851165771484
0.6498782634735107
0.5818259716033936
0.65262770652771
0.6895246505737305
0.6709089279174805
0.6446235179901123
0.6933763027191162
0.5957708358764648
0.6812789440155029
0.7860498428344727
0.6373319625854492
0.6924951076507568
0.6844627857208252
0.6626982688903809
0.67142653465271
0.6887600421905518
0.6481659412384033
0.6981537342071533
0.6786777973175049
0.6480751037597656
0.8540220260620117
0.6729977130889893
0.680626630783081
0.6710600852966309
0.6461431980133057
0.6848282814025879
0.6602115631103516
0.6576981544494629
0.6703932285308838
0.5722291469573975
0.6461479663848877
0.6491944789886475
0.6202051639556885
0.6980218887329102
0.6742236614227295
0.71012282371521
0.7030923366546631
0.6548261642456055
0.6279358863830566
0.6865925788879395
0.6653261184692383
0.6463751792907715
0.6620733737945557
0.7797129154205322
0.7135326862335205
0.765723705291748
0.6314024925231934
0.6403381824493408
0.5630271434783936
0.6671292781829834
0.6435298919677734
0.6990666389465332
0.7068581581115723
0.6418139934539795
0.8012638092041016
0.6713199615478516
0.5958070755004883
0.7172961235046387
0.6674299240112305
0.684894323348999
0.7167360782623291
0.6862058639526367
0.8396549224853516
0.6814923286437988
0.6472377777099609
0.6492807865142822
0.6656408309936523
0.6897745132446289
0.6900925636291504
0.69565749168396
0.7840936183929443
0.6626732349395752
0.6820821762084961
0.7258877754211426
0.648536205291748
0.7101132869720459
0.649529218673706
0.6381614208221436
0.6815323829650879
0.7125089168548584
0.6669974327087402
0.7681014537811279
0.6567783355712891
0.691267728805542
0.6177823543548584
0.6816823482513428
0.6662583351135254
0.6307289600372314
0.6187047958374023
0.642608642578125
0.679743766784668
0.658747673034668
0.6622405052185059
0.6329638957977295
0.6630885601043701
0.7519574165344238
0.6277573108673096
0.5638980865478516
0.6838071346282959
0.7279441356658936
0.6641647815704346
0.713388204574585
0.6801135540008545
0.647688627243042
0.6569900512695312
0.6690399646759033
0.6594476699829102
0.6346673965454102
0.7425482273101807
0.6614174842834473
0.7600572109222412
0.6601030826568604
0.6946239471435547
0.7291266918182373
0.7047762870788574
0.6574506759643555
0.7443764209747314
0.7081801891326904
0.6582298278808594
0.745171308517456
0.6461784839630127
0.6287903785705566
0.65561842918396
0.6185197830200195
0.8453381061553955
0.6364290714263916
0.6434800624847412
0.7051784992218018
0.6634540557861328
0.706902027130127
0.6783871650695801
0.6976969242095947
0.6573958396911621
0.6947360038757324
0.7122945785522461
0.6363966464996338
0.6967129707336426
0.6849691867828369
0.6776704788208008
0.6293785572052002
0.6534132957458496
0.6754612922668457
0.7355754375457764
0.6434261798858643
0.6604070663452148
0.7838778495788574
0.6760814189910889
0.7401056289672852
0.5848007202148438
0.7118000984191895
0.6558659076690674
0.6632564067840576
0.7021896839141846
0.7046408653259277
0.6715147495269775
0.6457505226135254
0.7289505004882812
0.6456069946289062
0.6249861717224121
0.6643548011779785
0.7288269996643066
0.7012085914611816
0.6784207820892334
0.6676042079925537
0.6889302730560303
0.6182010173797607
0.6648705005645752
0.6685709953308105
0.6894488334655762
0.6754283905029297
0.5633854866027832
0.7387456893920898
0.671363115310669
0.641815185546875
0.6922469139099121
0.6704385280609131
0.6590006351470947
0.72344970703125
0.657771110534668
0.7978646755218506
0.6552660465240479
0.6611802577972412
0.6385266780853271
0.7551066875457764
0.7181727886199951
0.6707777976989746
0.6540727615356445
0.6327621936798096
0.6530985832214355
0.6559333801269531
0.6760141849517822
0.6258080005645752
0.6495692729949951
0.6683785915374756
0.6558032035827637
0.6601662635803223
0.7235913276672363
0.6534538269042969
0.6623625755310059
0.6492924690246582
0.7152910232543945
0.6549644470214844
0.7601768970489502
0.6405982971191406
0.6183006763458252
0.8445315361022949
0.7629492282867432
0.6774539947509766
0.8024096488952637
0.7079079151153564
0.6515884399414062
0.6699681282043457
0.7888510227203369
0.7291712760925293
0.6896882057189941
0.625478982925415
0.7403614521026611
0.642193078994751
0.7014508247375488
0.7104766368865967
0.8397293090820312
0.6610159873962402
0.6780550479888916
0.7411909103393555
0.6708469390869141
0.6720328330993652
0.7021150588989258
0.6936438083648682
0.7370967864990234
0.6721506118774414
0.703981876373291
0.6283133029937744
0.726064920425415
0.6812584400177002
0.6653332710266113
0.7057170867919922
0.557790994644165
0.7240567207336426
0.6550283432006836
0.6779017448425293
0.9422206878662109
0.65618896484375
0.6292111873626709
0.778592586517334
0.6874899864196777
0.6902129650115967
0.6882920265197754
0.724959135055542
0.6601109504699707
0.7250726222991943
0.6884982585906982
0.6791281700134277
0.6196904182434082
0.6821191310882568
0.7201051712036133
0.7288320064544678
0.6826419830322266
0.6556720733642578
0.6607551574707031
0.6974437236785889
0.626971960067749
0.7400023937225342
0.6122844219207764
0.7456610202789307
0.7342071533203125
0.6334867477416992
0.6959714889526367
0.6497628688812256
0.6463441848754883
0.7004921436309814
0.6568903923034668
0.7920882701873779
0.6822547912597656
0.6450855731964111
0.6284749507904053
0.667332649230957
0.7757911682128906
0.6558980941772461
0.6515305042266846
0.6321115493774414
0.660668134689331
0.7370126247406006
0.6130976676940918
0.7121553421020508
0.6692321300506592
0.7278752326965332
0.6935782432556152
0.6831212043762207
0.7137579917907715
0.6483168601989746
0.6872131824493408
0.6843166351318359
0.6713364124298096
0.6557142734527588
0.6316370964050293
0.703606367111206
0.6370859146118164
0.7244961261749268
0.7170863151550293
0.6804187297821045
0.6672344207763672
0.6927647590637207
0.7058062553405762
0.68243408203125
0.8303253650665283
0.7245995998382568
0.6991715431213379
0.7356400489807129
0.6404666900634766
0.6743173599243164
0.6326267719268799
0.6546382904052734
0.7073476314544678
0.6447653770446777
0.6768991947174072
0.8164467811584473
0.6583700180053711
0.5986955165863037
0.7492473125457764
0.6519362926483154
0.668870210647583
0.7220637798309326
0.6895401477813721
0.6771459579467773
0.6760895252227783
0.6864187717437744
0.6651608943939209
0.6554808616638184
0.6853110790252686
0.5734405517578125
0.692718505859375
0.6598865985870361
0.6630394458770752
0.6452672481536865
0.6130402088165283
0.6926987171173096
0.6751220226287842
0.6663012504577637
0.6946117877960205
0.8226704597473145
0.7818741798400879
0.65146803855896
0.7068431377410889
0.6909804344177246
0.6724593639373779
0.6141211986541748
0.6601111888885498
0.6875135898590088
0.6627235412597656
0.6770195960998535
0.7146890163421631
0.854560375213623
0.849240779876709
0.704078197479248
0.6897594928741455
0.6884183883666992
0.6399509906768799
0.678295373916626
0.625391960144043
0.7096946239471436
0.7868671417236328
0.71681809425354
0.7287807464599609
0.6591815948486328
0.6733369827270508
0.6439125537872314
0.7426373958587646
0.688044548034668
0.6320178508758545
0.7094912528991699
0.6424503326416016
0.7043912410736084
0.7586703300476074
0.709841251373291
0.5930805206298828
0.7316210269927979
0.6485469341278076
0.7016854286193848
0.8092284202575684
0.7020885944366455
0.7389147281646729
0.6751322746276855
0.7457005977630615
0.6398508548736572
0.6611483097076416
0.6333024501800537
0.6661055088043213
0.6524031162261963
0.6288602352142334
0.7110693454742432
0.8029348850250244
0.6808643341064453
0.6440496444702148
0.65116286277771
0.7004122734069824
0.6824769973754883
0.6467864513397217
0.6900169849395752
0.8991086483001709
0.6472387313842773
0.6995682716369629
0.6698460578918457
0.7004561424255371
0.6865265369415283
0.6675167083740234
0.6776123046875
0.6496121883392334
0.6605825424194336
0.6253697872161865
0.8237147331237793
0.6337134838104248
0.6414806842803955
0.6768374443054199
0.7513852119445801
0.6399178504943848
0.8664157390594482
0.6397173404693604
0.6493127346038818
0.6599748134613037
0.5570981502532959
0.6382572650909424
0.6917605400085449
0.6663820743560791
0.6692996025085449
0.699683427810669
0.6356732845306396
0.6620006561279297
0.7525873184204102
0.6580214500427246
0.6919643878936768
0.648151159286499
0.715134859085083
0.66652512550354
0.7488462924957275
0.6897282600402832
0.8496541976928711
0.6884963512420654
0.6690077781677246
0.672966480255127
0.6356217861175537
0.702655553817749
0.6522340774536133
0.7270212173461914
0.6936023235321045
0.8556153774261475
0.6336483955383301
0.6800599098205566
0.6767640113830566
0.6186196804046631
0.7085793018341064
0.6529412269592285
0.8060414791107178
0.6864564418792725
0.6863908767700195
0.8250284194946289
0.6582443714141846
0.6895527839660645
0.6616454124450684
0.6578848361968994
0.8040945529937744
0.7167575359344482
0.6424169540405273
0.7340948581695557
0.6953129768371582
0.787200927734375
0.687429666519165
0.699864387512207
0.7257311344146729
0.6289212703704834
0.7183845043182373
0.6844367980957031
0.7539498805999756
0.6769211292266846
0.6938004493713379
0.6505253314971924
0.6610097885131836
0.6351587772369385
0.6996989250183105
0.6462411880493164
0.6948041915893555
0.6676502227783203
0.6724245548248291
0.7426621913909912
0.7181098461151123
0.6573820114135742
0.5848073959350586
0.7388854026794434
0.6289308071136475
0.693718671798706
0.8077926635742188
0.723426103591919
0.6363701820373535
0.6687312126159668
0.6892743110656738
0.8389122486114502
0.709021806716919
0.6394133567810059
0.6525251865386963
0.6247663497924805
0.7182366847991943
0.6768453121185303
0.6662924289703369
0.6309974193572998
0.7212188243865967
0.679133415222168
0.7088711261749268
0.6314959526062012
0.8344769477844238
0.6631560325622559
0.6959538459777832
0.6832263469696045
0.6756455898284912
0.6932756900787354
0.6385922431945801
0.6922938823699951
0.6332583427429199
0.6661121845245361
0.6959018707275391
0.6566171646118164
0.681023359298706
0.7218246459960938
0.6691451072692871
0.7149803638458252
0.7052505016326904
0.6842777729034424
0.6297354698181152
0.940725564956665
0.8138186931610107
0.6687228679656982
0.7002043724060059
0.6941354274749756
0.6151688098907471
0.732227087020874
0.7149598598480225
0.667078971862793
0.6387622356414795
0.6577663421630859
0.633439302444458
0.6962611675262451
0.7101039886474609
0.6160969734191895
0.7176089286804199
0.6381762027740479
0.8405649662017822
0.729712724685669
0.7749748229980469
0.6574931144714355
0.705172061920166
0.6529989242553711
0.6956033706665039
0.6303176879882812
0.6350572109222412
0.8017446994781494
0.6608710289001465
0.701204776763916
0.6318562030792236
0.6814568042755127
0.6857485771179199
0.6433925628662109
0.694589376449585
0.6535458564758301
0.8348498344421387
0.6623573303222656
0.6605830192565918
0.6534194946289062
0.6538779735565186
0.6696410179138184
0.6821329593658447
0.681267499923706
0.8177585601806641
0.6917943954467773
0.6644864082336426
0.7665524482727051
0.6143324375152588
0.6874637603759766
0.7198789119720459
0.6978728771209717
0.6594829559326172
0.6650331020355225
0.6111757755279541
0.6529223918914795
0.682589054107666
0.8087887763977051
0.6500451564788818
0.8055565357208252
0.675365686416626
0.6773874759674072
0.6814823150634766
0.7359676361083984
0.7068266868591309
0.6676115989685059
0.6689167022705078
0.7235884666442871
0.719005823135376
0.7118659019470215
0.7066128253936768
0.6002340316772461
0.6599040031433105
0.6628718376159668
0.6573731899261475
0.7151992321014404
0.6843307018280029
0.6640787124633789
0.8433713912963867
0.6874005794525146
0.6385583877563477
0.6560547351837158
0.6467685699462891
0.7295494079589844
0.6840105056762695
0.6867890357971191
0.8234059810638428
0.6334688663482666
0.6327672004699707
0.6581707000732422
0.6666545867919922
0.687049388885498
0.8031091690063477
0.7330107688903809
0.6536531448364258
0.7643580436706543
0.6914832592010498
0.762627363204956
0.7074675559997559
0.6901047229766846
0.6847128868103027
0.6816120147705078
0.6278924942016602
0.6398870944976807
0.8493497371673584
0.7352051734924316
0.8440408706665039
0.6770892143249512
0.6323971748352051
0.6817648410797119
0.6282031536102295
0.6622879505157471
0.6468374729156494
0.6223857402801514
0.6784224510192871
0.7914247512817383
0.6446082592010498
0.6481974124908447
0.6845312118530273
0.6358022689819336
0.6970171928405762
0.7060444355010986
0.6354696750640869
0.824176549911499
0.6459648609161377
0.7982132434844971
0.7360351085662842
0.7288429737091064
0.8070602416992188
0.658613920211792
0.701385498046875
0.6856958866119385
0.7054488658905029
0.6687014102935791
0.5687475204467773
0.728975772857666
0.8638656139373779
0.6904630661010742
0.6626033782958984
0.6013376712799072
0.7128114700317383
0.6335062980651855
0.6428127288818359
0.6295628547668457
0.6742630004882812
0.7968895435333252
0.6975598335266113
0.7641716003417969
0.6502470970153809
0.6609077453613281
0.6108400821685791
0.871936559677124
0.7179203033447266
0.6499364376068115
0.6548771858215332
0.7202279567718506
0.765721321105957
0.8923616409301758
0.6964261531829834
0.6555922031402588
0.6931977272033691
0.6519005298614502
0.6908533573150635
0.6688227653503418
0.6382315158843994
0.687274694442749
0.6891944408416748
0.7408511638641357
0.6461596488952637
0.7047843933105469
0.6554830074310303
0.6765179634094238
0.6350142955780029
0.6865015029907227
0.7268393039703369
0.698115348815918
0.6877481937408447
0.6865723133087158
0.7203323841094971
0.7500317096710205
0.6581788063049316
0.6511192321777344
0.6976840496063232
0.6757047176361084
0.7117619514465332
0.7068421840667725
0.6772241592407227
0.6502227783203125
0.6279046535491943
0.6417961120605469
0.6668753623962402
0.7729344367980957
0.6370258331298828
0.7639777660369873
0.6472511291503906
0.8696181774139404
0.626335620880127
0.6291849613189697
0.6624321937561035
0.8084220886230469
0.8310098648071289
0.6612637042999268
0.7905564308166504
0.6497390270233154
0.9080870151519775
0.685570240020752
0.830974817276001
0.6734869480133057
0.7128984928131104
0.6543807983398438
0.7378716468811035
0.6631872653961182
0.917384147644043
0.6459324359893799
0.6373445987701416
0.7087521553039551
0.7063641548156738
0.7096803188323975
0.7461066246032715
0.7345426082611084
0.6567022800445557
0.7151052951812744
0.6862657070159912
0.6887781620025635
0.7477827072143555
0.847064733505249
0.7613286972045898
0.6861505508422852
0.6907618045806885
0.6781716346740723
0.6259989738464355
0.6286959648132324
0.8366248607635498
0.7159004211425781
0.7392356395721436
0.7622921466827393
0.8929586410522461
0.688403844833374
0.7641394138336182
0.61722731590271
0.628305196762085
0.6562612056732178
0.6601564884185791
0.6872916221618652
0.6595723628997803
0.7222647666931152
0.6451170444488525
0.7029924392700195
0.6930527687072754
0.6713302135467529
0.6684181690216064
0.6787769794464111
0.74397873878479
0.6580371856689453
0.714684009552002
0.6589479446411133
0.6347155570983887
0.6690104007720947
0.7130281925201416
0.6806025505065918
0.7121884822845459
0.7030477523803711
0.7224597930908203
0.6181395053863525
0.628253698348999
0.6726713180541992
0.6780455112457275
0.6625523567199707
0.9606821537017822
0.6673488616943359
0.6884629726409912
0.5973155498504639
0.8048086166381836
0.649057149887085
0.8709907531738281
0.8388893604278564
0.87154221534729
0.7382626533508301
0.6874988079071045
0.7328121662139893
0.6564915180206299
0.596674919128418
0.7285957336425781
0.6664011478424072
0.6959056854248047
0.7025938034057617
0.6728203296661377
0.7438321113586426
0.8675026893615723
0.792924165725708
0.6862084865570068
0.7160029411315918
0.7162225246429443
0.6926405429840088
0.8271195888519287
0.828667402267456
0.7825167179107666
0.6570334434509277
0.6535143852233887
0.6626598834991455
0.6604278087615967
0.8331396579742432
0.7362861633300781
0.7382967472076416
0.6990659236907959
0.7228496074676514
0.7310481071472168
0.6727437973022461
0.7626562118530273
0.8202176094055176
0.6545085906982422
0.713134765625
0.8734469413757324
0.6517324447631836
0.672884464263916
0.8479924201965332
0.6223347187042236
0.6855487823486328
0.7015104293823242
0.6573071479797363
0.80031418800354
0.8466918468475342
0.625452995300293
0.6031110286712646
0.7243399620056152
0.7161190509796143
0.647951602935791
0.7754557132720947
0.7409069538116455
0.7952041625976562
0.761216402053833
0.6815445423126221
0.7005395889282227
0.6521234512329102
0.7087922096252441
0.6830520629882812
0.6373169422149658
0.7220015525817871
0.8315868377685547
0.8560490608215332
0.747288703918457
0.6924564838409424
0.7050149440765381
0.7046236991882324
0.6689732074737549
0.6774172782897949
0.6383402347564697
0.5917172431945801
0.6414756774902344
0.6588234901428223
0.6510205268859863
0.7678577899932861
0.6518852710723877
0.6759698390960693
0.7049856185913086
0.6579775810241699
0.8489420413970947
0.675182580947876
0.6636455059051514
0.6441879272460938
0.6794896125793457
0.720447301864624
0.6886014938354492
0.6711874008178711
0.7214527130126953
0.6764001846313477
0.6991181373596191
0.6565532684326172
0.6559402942657471
0.7213253974914551
0.6864004135131836
0.8127772808074951
0.6892337799072266
0.6743524074554443
0.644110918045044
0.7190835475921631
0.675593376159668
0.6802883148193359
0.6529417037963867
0.6787781715393066
0.7037317752838135
0.6846086978912354
0.6805658340454102
0.6665799617767334
0.6918213367462158
0.6570658683776855
0.7402594089508057
0.7316875457763672
0.699368953704834
0.8059754371643066
0.9555082321166992
0.6778876781463623
0.7160129547119141
0.6846253871917725
0.6536219120025635
0.8408017158508301
0.7966563701629639
0.6845507621765137
0.6635844707489014
0.8224902153015137
0.7925071716308594
0.6678802967071533
0.683704137802124
0.6896040439605713
0.7062704563140869
0.7195336818695068
0.8029758930206299
0.7330405712127686
0.648688554763794
0.7059516906738281
0.8299086093902588
0.6613121032714844
0.6778886318206787
0.5996627807617188
0.6783785820007324
0.656956672668457
0.7095744609832764
0.6512601375579834
0.7049179077148438
0.6679484844207764
0.673499345779419
0.6626167297363281
0.6835410594940186
0.6701564788818359
0.7957026958465576
0.8612575531005859
0.8484659194946289
0.6662404537200928
0.6916065216064453
0.7025158405303955
0.6812808513641357
0.6993751525878906
0.8188016414642334
0.8253467082977295
0.882805585861206
0.7151875495910645
0.6443929672241211
0.651484489440918
0.9025070667266846
0.7128384113311768
0.6813476085662842
0.6861183643341064
0.7855291366577148
0.6573264598846436
0.6830527782440186
0.7171766757965088
0.6134805679321289
0.6603095531463623
0.6839470863342285
0.7332460880279541
0.8195533752441406
0.7074224948883057
0.7604203224182129
0.6625971794128418
0.6494557857513428
0.7140624523162842
0.7304682731628418
0.6550159454345703
0.6494295597076416
0.6673340797424316
0.6901042461395264
0.7147488594055176
0.7516026496887207
0.6644079685211182
0.6480591297149658
0.6803293228149414
0.6545946598052979
0.6922934055328369
0.7008445262908936
0.7126951217651367
0.6386690139770508
0.6497094631195068
0.6700694561004639
0.6919851303100586
0.6928544044494629
0.7012577056884766
0.6427593231201172
0.7317755222320557
0.8250093460083008
0.8865237236022949
0.661942720413208
0.6791925430297852
0.6652071475982666
0.6402292251586914
0.6752974987030029
0.6590077877044678
0.5902466773986816
0.7123408317565918
0.6622083187103271
0.6368663311004639
0.700495719909668
0.6923112869262695
0.6533772945404053
0.6619102954864502
0.6700658798217773
0.6886589527130127
0.6455962657928467
0.8376362323760986
0.8339271545410156
0.7787249088287354
0.6407265663146973
0.6842978000640869
0.7000124454498291
0.6474196910858154
0.7352275848388672
0.669243335723877
0.6514122486114502
0.6462826728820801
0.7162349224090576
0.7186667919158936
0.7146666049957275
0.7321598529815674
0.8744831085205078
0.6471214294433594
0.6786477565765381
0.6523387432098389
0.8655233383178711
0.6917116641998291
0.6689083576202393
0.8288686275482178
0.7705850601196289
0.7008140087127686
0.690934419631958
0.6322824954986572
0.6335735321044922
0.8561785221099854
0.6412415504455566
0.7060132026672363
0.7770271301269531
0.6388664245605469
0.6603298187255859
0.6905097961425781
0.6743044853210449
0.6403906345367432
0.6779322624206543
0.683638334274292
0.6654741764068604
0.685014009475708
0.7178249359130859
0.6809844970703125
0.6300044059753418
0.8808116912841797
0.688899040222168
0.6627204418182373
0.7215478420257568
0.6548855304718018
0.6492762565612793
0.6423499584197998
0.6990978717803955
0.7412006855010986
0.6965816020965576
0.6183502674102783
0.6472351551055908
0.6723411083221436
0.8515863418579102
0.6762228012084961
0.7302412986755371
0.8179192543029785
0.6662225723266602
0.6739242076873779
0.6653995513916016
0.7081449031829834
0.6561548709869385
0.6909053325653076
0.9713680744171143
0.8130338191986084
0.6576173305511475
0.6251087188720703
0.7206578254699707
0.6630008220672607
0.8589136600494385
0.6450705528259277
0.7035491466522217
0.6825499534606934
0.6814658641815186
0.8339312076568604
0.705981969833374
0.6551156044006348
0.8609523773193359
0.6743500232696533
0.7603206634521484
0.655907392501831
0.6298534870147705
0.6757876873016357
0.6567816734313965
0.7821035385131836
0.6478025913238525
0.9692368507385254
0.7618887424468994
0.7120451927185059
0.6771552562713623
0.85805344581604
0.91872239112854
0.8889455795288086
0.832244873046875
0.6542727947235107
0.7164463996887207
0.840440034866333
0.8549144268035889
0.73832106590271
0.6537690162658691
0.8862311840057373
0.7003757953643799
0.7169108390808105
0.7539491653442383
0.7099406719207764
0.6605732440948486
0.6284353733062744
0.8160631656646729
0.6466336250305176
0.6380319595336914
0.6297316551208496
0.6551463603973389
0.7009813785552979
0.8792352676391602
0.668299674987793
0.6597118377685547
0.8296389579772949
0.6883995532989502
0.6384930610656738
0.6411910057067871
0.6260237693786621
0.5804800987243652
0.6282031536102295
0.6967172622680664
0.827692985534668
0.6870121955871582
0.7260129451751709
0.662100076675415
0.672053337097168
0.6586356163024902
0.6930510997772217
0.7698900699615479
0.8064520359039307
0.8422760963439941
0.8339343070983887
0.8415889739990234
0.7007315158843994
0.682708740234375
0.7088363170623779
0.8587203025817871
0.7431435585021973
0.6867945194244385
0.8324761390686035
0.6219971179962158
0.6733639240264893
0.6266591548919678
0.6386728286743164
0.8513550758361816
0.6866180896759033
0.7021315097808838
0.6252756118774414
0.664398193359375
0.6676256656646729
0.8238677978515625
0.6621987819671631
0.7120583057403564
0.7079973220825195
0.6907610893249512
0.663546085357666
0.6916353702545166
0.6820576190948486
0.7486870288848877
0.6956629753112793
0.6510775089263916
0.6247758865356445
0.6667723655700684
0.6918885707855225
0.6556510925292969
0.7144978046417236
0.6591904163360596
0.6581099033355713
0.6888430118560791
0.6601166725158691
0.9391884803771973
0.8203370571136475
0.6809747219085693
0.7308304309844971
0.6585087776184082
0.8323523998260498
0.9251391887664795
0.8598837852478027
0.6614384651184082
0.6684951782226562
0.9094135761260986
0.6640067100524902
0.6697990894317627
0.9136507511138916
0.7114050388336182
0.7393271923065186
0.6474330425262451
0.6970820426940918
0.6536176204681396
0.7409772872924805
0.7460908889770508
0.6897897720336914
0.6985969543457031
0.7848279476165771
0.7983033657073975
0.6719334125518799
0.9179425239562988
0.828174352645874
0.6849400997161865
0.6429369449615479
0.7189335823059082
0.6873996257781982
0.7596104145050049
0.8707118034362793
0.6585960388183594
0.8354520797729492
0.8414440155029297
0.8677330017089844
0.6677658557891846
0.655055046081543
0.6583981513977051
0.8763680458068848
0.6742942333221436
0.7146961688995361
0.6896240711212158
0.6575627326965332
0.9107661247253418
0.6333084106445312
0.698192834854126
0.8734958171844482
1.058203935623169
0.6640594005584717
0.7590217590332031
0.6605124473571777
0.7112109661102295
0.6807620525360107
0.6809811592102051
0.8089208602905273
0.7095234394073486
0.6724786758422852
0.9412596225738525
0.6949682235717773
0.6737592220306396
0.7955491542816162
0.7947428226470947
0.9940493106842041
0.8445141315460205
0.6796126365661621
0.6324763298034668
0.6449131965637207
0.7210330963134766
0.8105456829071045
0.6487808227539062
0.7013630867004395
0.8494410514831543
0.6229815483093262
0.8416063785552979
0.6592147350311279
0.651036262512207
0.6613688468933105
0.6529066562652588
0.6498479843139648
0.8968253135681152
0.8366758823394775
0.6242616176605225
0.8066949844360352
0.919003963470459
0.6578543186187744
0.663215160369873
0.7786715030670166
0.5623733997344971
0.6766867637634277
0.8650829792022705
0.8550636768341064
0.7407946586608887
0.7322890758514404
0.711017370223999
0.6943273544311523
0.7118022441864014
0.7093920707702637
0.6542325019836426
0.8606595993041992
0.6691725254058838
0.6261858940124512
0.6468567848205566
0.6572525501251221
0.6973788738250732
0.6532623767852783
0.7414820194244385
0.6779630184173584
0.645272970199585
0.6528937816619873
0.6432206630706787
0.712120771408081
0.6671617031097412
0.6586141586303711
0.6621761322021484
0.6954021453857422
0.7160158157348633
0.6858015060424805
0.8065447807312012
0.6561095714569092
0.6975846290588379
0.6421952247619629
0.6262857913970947
0.6365141868591309
0.6974246501922607
0.7443962097167969
0.7554633617401123
0.8800742626190186
0.688286542892456
0.6438958644866943
0.662602424621582
0.8699171543121338
0.616487979888916
0.815476655960083
0.6389753818511963
0.8460507392883301
0.657052755355835
0.6948199272155762
0.6616852283477783
0.632122278213501
0.6364619731903076
0.6718530654907227
0.7055704593658447
0.6628844738006592
0.6768839359283447
0.6790680885314941
0.8943886756896973
0.8383347988128662
0.6716935634613037
0.6717400550842285
0.832913875579834
0.7374541759490967
0.6616322994232178
0.8552558422088623
0.7343659400939941
0.7398555278778076
0.7131798267364502
0.6668651103973389
0.6818301677703857
0.6432712078094482
0.69785475730896
0.9302318096160889
0.6347301006317139
0.6997387409210205
0.6462514400482178
0.6961872577667236
0.6688206195831299
0.6798176765441895
0.659937858581543
0.8293342590332031
0.6652426719665527
0.7260255813598633
0.6519181728363037
0.7349584102630615
0.6482229232788086
0.8450496196746826
0.709449052810669
0.6477541923522949
0.7023599147796631
0.6777386665344238
0.7741022109985352
0.6905834674835205
0.6078183650970459
0.7381308078765869
0.8349096775054932
0.6560945510864258
0.6435286998748779
0.6284129619598389
0.6583454608917236
0.6653871536254883
0.6481437683105469
0.6535799503326416
0.6776440143585205
0.6566517353057861
0.6914827823638916
0.7835261821746826
0.72524094581604
0.6762509346008301
0.6724205017089844
0.6612873077392578
0.6743433475494385
0.7322640419006348
0.678701639175415
0.655735969543457
0.6587083339691162
0.6770548820495605
0.6863698959350586
0.7208166122436523
0.8565561771392822
0.8201775550842285
0.6942558288574219
0.6637938022613525
0.8689343929290771
0.9096641540527344
0.6974270343780518
0.6731421947479248
0.6885795593261719
0.748957633972168
0.6498618125915527
0.6766753196716309
0.6932127475738525
0.8188450336456299
0.6722927093505859
0.6468007564544678
0.6319348812103271
0.646050214767456
0.7399184703826904
0.6906440258026123
0.660942554473877
0.764988899230957
0.6980538368225098
0.635542631149292
0.8204658031463623
0.6624999046325684
0.7398481369018555
0.8064467906951904
0.6762769222259521
0.6482675075531006
0.7172455787658691
0.8438844680786133
0.6652326583862305
0.658968448638916
0.5671508312225342
0.676506757736206
0.6592700481414795
0.6375765800476074
0.7181639671325684
0.6528127193450928
0.6871817111968994
0.6258735656738281
0.8455171585083008
0.7310106754302979
0.6259579658508301
0.8835067749023438
0.6520836353302002
0.6713340282440186
0.7875678539276123
0.6650211811065674
0.7593142986297607
0.6743810176849365
0.6561996936798096
0.6927876472473145
0.6623399257659912
0.636836051940918
0.6578474044799805
0.673647403717041
0.6491274833679199
0.8285512924194336
0.8359479904174805
0.915602445602417
0.6931312084197998
0.8767304420471191
0.9798943996429443
0.8422524929046631
0.9009757041931152
0.6558141708374023
0.6308779716491699
0.6524760723114014
0.85585618019104
0.6657822132110596
0.6461575031280518
0.6374623775482178
0.8167459964752197
0.6860706806182861
0.6874971389770508
0.6634712219238281
0.6679747104644775
0.685816764831543
0.7297859191894531
0.6640784740447998
0.6695294380187988
0.6484744548797607
0.6181859970092773
0.9679229259490967
0.8517541885375977
0.6570758819580078
0.8343720436096191
0.6380965709686279
0.8764023780822754
0.6828727722167969
0.9065132141113281
0.6359617710113525
0.6851005554199219
0.7637538909912109
0.6806192398071289
0.9325215816497803
0.685884952545166
0.6699409484863281
0.8322687149047852
0.661543607711792
0.7248046398162842
0.6708207130432129
0.6344070434570312
0.788041353225708
0.6517226696014404
0.8880727291107178
0.7122538089752197
0.8554110527038574
0.6364250183105469
0.6168375015258789
0.6597495079040527
0.8835995197296143
0.8238074779510498
0.7135534286499023
0.8776936531066895
0.9308979511260986
0.6576592922210693
0.6378347873687744
0.6500918865203857
0.5827319622039795
0.6693587303161621
0.7103922367095947
0.6630103588104248
0.6845347881317139
0.7105720043182373
0.8440048694610596
0.6523168087005615
0.6575400829315186
0.6819920539855957
0.7018640041351318
0.7155916690826416
0.7095930576324463
0.696727991104126
0.8583204746246338
0.7469916343688965
0.6482722759246826
0.7840876579284668
0.6626973152160645
0.832019567489624
0.6721243858337402
0.7305901050567627
0.7295477390289307
0.6352889537811279
0.824779748916626
0.7157769203186035
0.7226400375366211
0.637397050857544
0.6717963218688965
0.649590253829956
0.8290815353393555
0.8027448654174805
0.6626324653625488
0.6356608867645264
0.9090921878814697
0.6404523849487305
0.904818058013916
0.8430993556976318
0.7049875259399414
0.6814208030700684
0.8721628189086914
0.6730055809020996
0.6597452163696289
0.6712160110473633
0.7296450138092041
0.7481918334960938
0.6871445178985596
0.9130792617797852
0.8046970367431641
0.7002789974212646
0.7145469188690186
0.8658721446990967
0.7434964179992676
0.7683653831481934
0.6359717845916748
0.6519663333892822
0.6568334102630615
0.8573496341705322
0.9598383903503418
1.0558581352233887
0.67862868309021
0.6207773685455322
0.6806735992431641
0.6322550773620605
0.7101128101348877
0.6425566673278809
0.6899855136871338
0.7306106090545654
0.6261422634124756
0.8097817897796631
0.6945943832397461
0.6382205486297607
0.6813962459564209
0.8573751449584961
1.0024175643920898
0.6677756309509277
0.8515174388885498
0.8381969928741455
1.0686984062194824
0.8400919437408447
0.5598931312561035
0.6534461975097656
0.6360712051391602
0.682837963104248
0.840296745300293
0.9168336391448975
0.7440965175628662
0.6558561325073242
0.6870889663696289
0.7134339809417725
0.6731863021850586
0.6491210460662842
0.6395680904388428
0.6555182933807373
0.6626176834106445
0.8896584510803223
0.66837477684021
0.8773062229156494
0.7011659145355225
0.6379837989807129
0.6831016540527344
0.6847920417785645
0.7096543312072754
0.8997757434844971
0.7264218330383301
0.6752455234527588
0.6474833488464355
0.9063265323638916
0.8438630104064941
0.6193194389343262
0.640784502029419
0.6565260887145996
0.6629424095153809
0.869037389755249
0.7116963863372803
0.9235084056854248
0.8394510746002197
0.7592849731445312
0.9123263359069824
0.7275407314300537
0.6903576850891113
0.7330911159515381
0.8271305561065674
0.7418942451477051
0.6679685115814209
0.6866214275360107
0.707909345626831
0.7086498737335205
0.6435437202453613
0.7178642749786377
0.8411893844604492
0.7940068244934082
0.7064051628112793
0.8444430828094482
0.6592698097229004
0.692570686340332
0.6904096603393555
0.7410190105438232
0.6786515712738037
0.8419058322906494
0.6654438972473145
0.6497979164123535
0.8576385974884033
0.6768336296081543
0.6617310047149658
0.7148940563201904
0.6371607780456543
0.8658578395843506
0.6520144939422607
0.6416363716125488
0.6578249931335449
0.6619203090667725
0.6502175331115723
0.813948392868042
0.6625258922576904
0.9202110767364502
0.6758153438568115
0.6483011245727539
0.7329626083374023
0.6946980953216553
0.679323673248291
0.8365914821624756
0.6649770736694336
0.596886396408081
0.8495638370513916
0.7147703170776367
0.8741865158081055
0.6580028533935547
1.0191559791564941
0.6621353626251221
0.740309476852417
0.6659741401672363
0.6469697952270508
0.7588248252868652
0.6554827690124512
0.583336353302002
0.8175303936004639
0.685964822769165
0.7371587753295898
0.634244441986084
0.9838597774505615
0.6499228477478027
0.8147604465484619
0.6549563407897949
0.6721463203430176
0.6773495674133301
0.8171975612640381
0.6285359859466553
0.6780006885528564
0.9179372787475586
0.9068751335144043
0.7010793685913086
0.8585414886474609
0.6380414962768555
1.0327537059783936
0.6630795001983643
1.1850557327270508
0.665229082107544
0.6662535667419434
0.6479406356811523
0.6582584381103516
0.6953356266021729
0.6654222011566162
0.8504126071929932
0.6781125068664551
0.6749513149261475
0.721522331237793
0.6413578987121582
0.8517792224884033
0.673011302947998
0.6720702648162842
0.8106963634490967
0.6809213161468506
0.6791670322418213
0.8235747814178467
0.7398834228515625
0.7114901542663574
0.6513545513153076
0.7825734615325928
0.6880636215209961
0.6654934883117676
0.7239706516265869
0.6285791397094727
0.8739204406738281
0.6804153919219971
0.8912360668182373
0.6584651470184326
0.6915988922119141
0.6872701644897461
0.727400541305542
0.6200993061065674
0.7366724014282227
0.6673111915588379
0.7029271125793457
0.7486441135406494
0.6360344886779785
0.6669251918792725
0.8570866584777832
0.6145038604736328
0.6673023700714111
0.6767313480377197
0.5740907192230225
0.6839487552642822
0.9326775074005127
0.672443151473999
0.6624956130981445
0.6365523338317871
0.670037031173706
0.8273768424987793
0.6287984848022461
0.6826961040496826
0.6650657653808594
0.6803061962127686
0.6837935447692871
0.8574190139770508
0.6679415702819824
0.6531679630279541
0.6630852222442627
0.664797306060791
0.67425537109375
0.842595100402832
0.8508419990539551
0.6657814979553223
0.6782591342926025
0.6918630599975586
0.8640227317810059
0.700817346572876
0.714982271194458
0.7408649921417236
0.7088541984558105
0.6515722274780273
0.6635005474090576
0.871004581451416
0.8232359886169434
0.8132040500640869
0.7139465808868408
0.6713724136352539
0.7138071060180664
0.6273951530456543
0.674022912979126
0.6261880397796631
0.689093828201294
0.6454100608825684
0.8068420886993408
0.6356339454650879
0.6746349334716797
0.670452356338501
0.652534008026123
0.8156890869140625
0.6837327480316162
0.6984822750091553
0.7118873596191406
0.6585116386413574
0.7241053581237793
0.823225736618042
0.6513996124267578
0.8350422382354736
0.6325259208679199
0.8634884357452393
0.6501567363739014
0.6441853046417236
0.6979453563690186
0.6859855651855469
0.8302247524261475
0.6914510726928711
0.6634039878845215
0.7109806537628174
0.6737565994262695
0.7032668590545654
0.7289142608642578
0.6844921112060547
0.6555366516113281
0.6726486682891846
0.6438164710998535
0.6874818801879883
0.6921854019165039
0.8204712867736816
0.6576592922210693
0.6547930240631104
0.8578066825866699
0.8246791362762451
0.6669259071350098
0.6786677837371826
0.6624486446380615
0.7268450260162354
0.7060990333557129
0.6508073806762695
0.6448290348052979
0.6730988025665283
0.7209317684173584
0.6307294368743896
0.6711089611053467
0.6349091529846191
0.6691136360168457
0.839773416519165
0.848597526550293
0.8908054828643799
0.6937074661254883
0.6556828022003174
0.6522619724273682
0.6816220283508301
0.6060411930084229
0.6694672107696533
0.8746778964996338
0.7515928745269775
0.8490400314331055
0.66253662109375
0.6407003402709961
0.6933064460754395
0.740093469619751
0.8908121585845947
0.6639184951782227
0.5708999633789062
0.823930025100708
0.668917179107666
0.672091007232666
0.7411117553710938
0.9781694412231445
0.6280584335327148
0.6602444648742676
0.6346480846405029
0.8756306171417236
0.6593034267425537
0.6580660343170166
0.6704685688018799
0.6561429500579834
0.6747052669525146
0.6698172092437744
0.6624298095703125
0.6587066650390625
0.7185180187225342
0.8420679569244385
0.8435013294219971
0.8742167949676514
0.658301830291748
0.6862237453460693
0.7542834281921387
0.6970586776733398
0.9124138355255127
0.7667560577392578
0.8105394840240479
0.6396210193634033
0.8438985347747803
0.8112154006958008
0.645160436630249
0.6775434017181396
0.7014398574829102
0.8261699676513672
0.678208589553833
0.6648962497711182
0.8577549457550049
0.8582065105438232
0.6676056385040283
0.6431562900543213
0.6804037094116211
0.658912181854248
0.6643455028533936
0.8737742900848389
0.682504415512085
0.6264965534210205
0.8526179790496826
0.8239548206329346
0.6727726459503174
0.6633329391479492
0.7726852893829346
0.8256006240844727
0.6998543739318848
0.9135322570800781
0.6414051055908203
0.8641722202301025
0.8358674049377441
0.6388716697692871
0.7517204284667969
0.6626722812652588
0.7052733898162842
0.5788228511810303
0.8474264144897461
0.6531884670257568
0.7184605598449707
0.6511294841766357
0.6730146408081055
0.8907899856567383
0.6610746383666992
0.8966302871704102
0.7720577716827393
0.9005312919616699
0.6447560787200928
0.6652030944824219
0.6554455757141113
0.6538019180297852
0.8182072639465332
0.9293084144592285
0.758760929107666
0.6735672950744629
0.8115761280059814
0.8829905986785889
0.7219948768615723
0.6378450393676758
0.7079572677612305
0.783466100692749
0.6367413997650146
0.8822040557861328
0.8709332942962646
0.6496560573577881
0.6708126068115234
0.9168920516967773
0.9223127365112305
0.8110191822052002
0.8366215229034424
0.8839788436889648
0.6840486526489258
0.7348113059997559
0.7430911064147949
0.6948590278625488
0.8183422088623047
0.6562292575836182
0.6401097774505615
0.7302782535552979
0.6906869411468506
0.8304502964019775
0.7658717632293701
0.621985673904419
0.7735371589660645
0.6474740505218506
0.6601102352142334
0.9114944934844971
0.7148725986480713
0.8834898471832275
0.8577718734741211
0.8522145748138428
0.9258813858032227
0.8621883392333984
0.8580856323242188
0.6752541065216064
0.7957522869110107
0.7190675735473633
0.6524960994720459
0.657742977142334
0.8310568332672119
0.6475875377655029
0.7402677536010742
0.6311047077178955
0.9488105773925781
0.8723390102386475
0.6664865016937256
0.6573481559753418
0.6632957458496094
0.7089993953704834
0.6761159896850586
0.6499824523925781
0.9381008148193359
0.6701343059539795
0.6769425868988037
0.6738231182098389
0.823157548904419
0.6939833164215088
0.8600003719329834
0.8596479892730713
0.8130428791046143
0.6577460765838623
0.6459758281707764
0.7107696533203125
0.6162707805633545
0.8116714954376221
0.8088829517364502
0.6476807594299316
0.6586165428161621
0.7342231273651123
0.6934463977813721
0.6898214817047119
0.7587454319000244
0.6507298946380615
0.9157657623291016
0.6984870433807373
0.8820292949676514
0.6483354568481445
0.6450283527374268
0.6759185791015625
0.840735912322998
0.6440496444702148
0.6335868835449219
0.6889028549194336
0.9372231960296631
0.8812506198883057
0.841869592666626
0.6573231220245361
0.6676931381225586
0.693795919418335
0.6473495960235596
0.6594843864440918
0.6581132411956787
0.7239558696746826
0.6424617767333984
0.6949188709259033
0.6446065902709961
0.6381509304046631
0.6423044204711914
0.6585991382598877
0.5962550640106201
0.6695849895477295
0.6205999851226807
0.667778730392456
0.6325616836547852
0.7399625778198242
0.856658935546875
0.6798474788665771
0.6722056865692139
0.9239475727081299
0.8265542984008789
0.6969492435455322
0.8724610805511475
0.6795637607574463
0.5607686042785645
0.6283285617828369
0.6629374027252197
0.6551365852355957
0.6384751796722412
0.6681029796600342
0.6885209083557129
0.674823522567749
0.6491775512695312
0.676807165145874
0.6998541355133057
0.6760363578796387
0.6690974235534668
0.6636579036712646
0.6968162059783936
0.86509108543396
0.6803691387176514
0.7384176254272461
0.6386308670043945
0.6871869564056396
0.6631062030792236
0.7072691917419434
0.8682188987731934
0.676633358001709
0.6516883373260498
0.6912696361541748
0.6413545608520508
0.8332581520080566
0.6955993175506592
0.8287427425384521
0.6945943832397461
0.6333410739898682
0.6756525039672852
0.6172974109649658
0.6558027267456055
0.6756832599639893
0.6508622169494629
0.6342823505401611
0.6602301597595215
0.6333715915679932
0.6397268772125244
0.9696230888366699
0.6517333984375
0.7246215343475342
0.6635799407958984
0.7584269046783447
0.8535213470458984
0.664919376373291
0.8636901378631592
1.073486566543579
0.6346254348754883
0.8570730686187744
0.8902699947357178
0.6900498867034912
0.7469549179077148
0.6675534248352051
0.6546142101287842
0.6827328205108643
0.6811096668243408
0.6604421138763428
0.6750493049621582
0.6699435710906982
0.7091085910797119
0.6537635326385498
0.6931982040405273
0.6549227237701416
0.8099474906921387
0.6602931022644043
0.6727235317230225
0.6500234603881836
0.7036240100860596
0.6379513740539551
0.7116608619689941
0.6491861343383789
0.6365785598754883
0.8505403995513916
0.6868586540222168
0.8253228664398193
0.8859226703643799
0.688814640045166
0.9998612403869629
0.6457347869873047
0.8579025268554688
0.8325378894805908
0.6425635814666748
0.6565005779266357
0.6784536838531494
0.6494970321655273
0.8470654487609863
0.835120439529419
0.6763694286346436
0.6671698093414307
0.6424131393432617
0.6812088489532471
0.6993951797485352
0.7079102993011475
0.647575855255127
0.7533760070800781
0.6369333267211914
0.6949436664581299
0.6630640029907227
0.763636589050293
0.6670022010803223
0.6947777271270752
0.9358043670654297
0.8693521022796631
0.7154691219329834
0.8536100387573242
0.7812047004699707
0.6488730907440186
0.6987173557281494
0.6447582244873047
0.6330687999725342
0.8509726524353027
0.7241458892822266
0.6639840602874756
0.8855876922607422
0.864703893661499
0.6211659908294678
0.6546370983123779
0.7041079998016357
0.6406829357147217
0.8318371772766113
0.5838465690612793
0.6649315357208252
0.6650042533874512
0.710111141204834
0.8412890434265137
0.8813199996948242
0.6640217304229736
0.6623187065124512
0.7373409271240234
0.8123817443847656
0.642441987991333
0.6547939777374268
0.6857633590698242
0.6706719398498535
0.6848857402801514
0.6724600791931152
0.8342406749725342
0.7011806964874268
0.64748215675354
0.8815162181854248
0.661109209060669
0.6580028533935547
0.793006420135498
0.6154658794403076
0.6717004776000977
0.7164709568023682
0.6993417739868164
0.929307222366333
0.6545665264129639
0.6575515270233154
0.6977367401123047
0.7011106014251709
0.8147151470184326
0.68461012840271
0.5813462734222412
0.681910514831543
0.6141817569732666
0.7227761745452881
0.8267707824707031
0.6363928318023682
0.6767477989196777
0.729008674621582
0.850555419921875
0.874330997467041
0.6555287837982178
0.8597064018249512
0.7242341041564941
0.5812973976135254
0.7190268039703369
0.6322088241577148
0.6275544166564941
0.7435333728790283
0.7987966537475586
0.6671543121337891
0.6742324829101562
0.627333402633667
0.6311464309692383
0.6561665534973145
0.7941179275512695
0.8691952228546143
0.6636645793914795
0.7992215156555176
0.6913037300109863
0.703425407409668
0.6393365859985352
0.8725216388702393
0.6672103404998779
0.7897560596466064
0.7000689506530762
0.8431868553161621
0.8481600284576416
0.8866238594055176
0.7090201377868652
0.668257474899292
0.8241887092590332
0.8377685546875
0.8058700561523438
0.8022570610046387
0.7269320487976074
0.880882978439331
0.6608631610870361
0.8657445907592773
0.7231564521789551
0.9151108264923096
0.8910059928894043
0.6724874973297119
0.6185874938964844
0.6305010318756104
0.6783130168914795
0.6547257900238037
0.6754171848297119
0.651700496673584
0.644404411315918
0.9412045478820801
0.6774086952209473
0.6333096027374268
0.6134154796600342
0.6866528987884521
0.8574776649475098
0.8716967105865479
0.6743359565734863
0.6925759315490723
0.6783833503723145
0.7192032337188721
0.6907820701599121
0.8657388687133789
0.9196186065673828
0.7578730583190918
0.8630795478820801
0.7350666522979736
0.8341038227081299
0.6383662223815918
0.6700165271759033
0.6807794570922852
0.9871349334716797
0.6731829643249512
0.9750051498413086
0.6757197380065918
0.8085882663726807
0.6957261562347412
0.6882784366607666
0.6466226577758789
0.6565372943878174
0.6270663738250732
0.6548397541046143
0.6862380504608154
0.673987627029419
0.6416668891906738
0.6741154193878174
0.8024716377258301
0.8387026786804199
0.8278765678405762
0.8705151081085205
0.6810638904571533
0.656686544418335
0.8616456985473633
0.6440598964691162
1.154395580291748
0.6331775188446045
0.6321215629577637
0.6682536602020264
0.6779968738555908
0.9009578227996826
0.8278212547302246
0.6977725028991699
0.6589748859405518
0.8575773239135742
0.709956169128418
0.7089314460754395
0.6382236480712891
0.8882162570953369
0.8460526466369629
0.8614721298217773
0.6325240135192871
0.6550557613372803
0.96956467628479
0.6754112243652344
0.6676673889160156
0.7557580471038818
0.741377592086792
0.6876082420349121
0.8479828834533691
0.9338324069976807
0.6947660446166992
0.6918494701385498
0.6632843017578125
0.6588046550750732
0.6817500591278076
0.8531594276428223
0.8285799026489258
0.682697057723999
0.6742556095123291
0.7073554992675781
0.6574621200561523
0.8299093246459961
0.6791689395904541
0.7011182308197021
0.9147107601165771
0.7046873569488525
0.861170768737793
0.8596541881561279
0.7732694149017334
0.641427755355835
0.6781888008117676
0.9936511516571045
0.6456263065338135
0.6700191497802734
0.6924982070922852
0.6388208866119385
0.8785803318023682
0.81109619140625
0.6503069400787354
0.6382875442504883
0.6657145023345947
0.5810482501983643
0.8801636695861816
0.659738302230835
0.6638579368591309
0.6288552284240723
0.909827709197998
0.9035024642944336
0.7302711009979248
0.64225172996521
0.6287190914154053
0.6465647220611572
0.6392993927001953
0.6437427997589111
0.8257813453674316
0.7512118816375732
