0.6848108768463135
0.7263040542602539
0.68861985206604
0.731921911239624
0.7060539722442627
0.6973316669464111
0.6871931552886963
0.7983551025390625
0.6901800632476807
0.5536110401153564
0.6676111221313477
0.6642358303070068
0.7124392986297607
0.5688953399658203
0.8623311519622803
0.7699062824249268
0.7083830833435059
0.7140326499938965
0.6740744113922119
0.6311571598052979
0.6785287857055664
0.6455080509185791
0.7097113132476807
0.7041583061218262
0.591008186340332
0.6683931350708008
0.7109169960021973
0.7246119976043701
0.7048263549804688
0.6671442985534668
0.7171087265014648
0.6675252914428711
0.70562744140625
0.7174615859985352
0.6557354927062988
0.6492788791656494
0.6687784194946289
0.6506834030151367
0.5686008930206299
0.7173657417297363
0.7679967880249023
0.7219209671020508
0.7044854164123535
0.6798181533813477
0.652686595916748
0.7257397174835205
0.7192692756652832
0.6917910575866699
0.9090719223022461
0.700920581817627
0.6697759628295898
0.7225167751312256
0.6871511936187744
0.6683549880981445
0.6461338996887207
0.7002437114715576
0.6874125003814697
0.6602985858917236
0.7581112384796143
0.730473518371582
0.5701947212219238
0.6530368328094482
0.6992678642272949
0.6710367202758789
0.6725568771362305
0.7245988845825195
0.5641398429870605
0.739809513092041
0.6903171539306641
0.6844732761383057
0.7122640609741211
0.6897146701812744
0.6871354579925537
0.7351694107055664
0.7836039066314697
0.660402774810791
0.6689903736114502
0.7136988639831543
0.7912518978118896
0.7269928455352783
0.6899421215057373
0.6456048488616943
0.8080658912658691
0.7262365818023682
0.7460634708404541
0.5450468063354492
0.6962728500366211
0.7856781482696533
0.6459376811981201
0.6925249099731445
0.678476095199585
0.6934201717376709
0.7513775825500488
0.7233507633209229
0.7024495601654053
0.7138838768005371
0.7699360847473145
0.6543190479278564
0.7093355655670166
0.6451475620269775
0.5936636924743652
0.671184778213501
0.65753173828125
0.7265942096710205
0.6762826442718506
0.7113468647003174
0.7556312084197998
0.7298769950866699
0.7027747631072998
0.6877424716949463
0.6922142505645752
0.659207820892334
0.7855496406555176
0.7586314678192139
0.6325476169586182
0.7019233703613281
0.7080788612365723
0.7080919742584229
0.6821596622467041
0.7347383499145508
0.6786525249481201
0.6803381443023682
0.6721470355987549
0.7049176692962646
0.6588332653045654
0.715653657913208
0.5417346954345703
0.7276773452758789
0.6837427616119385
0.6958522796630859
0.5797984600067139
0.7020008563995361
0.7808427810668945
0.6669571399688721
0.7659103870391846
0.6646392345428467
0.7912862300872803
0.6235818862915039
0.6839423179626465
0.7850320339202881
0.6882016658782959
0.5713539123535156
0.7077267169952393
0.9199733734130859
0.6258869171142578
0.6699364185333252
0.6847970485687256
0.7674789428710938
0.6905467510223389
0.698096752166748
0.6561741828918457
0.6738154888153076
0.6921398639678955
0.7088401317596436
0.6769428253173828
0.7456269264221191
0.7354300022125244
0.6699123382568359
0.717947244644165
0.6956820487976074
0.7226130962371826
0.7267656326293945
0.7502729892730713
0.701261043548584
0.6824045181274414
0.7190113067626953
0.5468387603759766
0.7201857566833496
0.7331554889678955
0.6587882041931152
0.7011888027191162
0.5583062171936035
0.7111272811889648
0.684004545211792
0.6649935245513916
0.726649284362793
0.6797547340393066
0.7188575267791748
0.6591982841491699
0.67494797706604
0.7350010871887207
0.7189080715179443
0.692596435546875
0.7160718441009521
0.7045562267303467
0.6713669300079346
0.709284782409668
0.6993908882141113
0.6363170146942139
0.6991658210754395
0.6822643280029297
0.6772351264953613
0.6610431671142578
0.7070350646972656
0.706824779510498
0.5689947605133057
0.6896393299102783
0.7310857772827148
0.6579172611236572
0.6636042594909668
0.6810293197631836
0.6579411029815674
0.6422955989837646
0.7132148742675781
0.7058103084564209
0.8053951263427734
0.7011330127716064
0.6709156036376953
0.6544668674468994
0.9525554180145264
0.7007803916931152
0.675915002822876
0.6875748634338379
0.6686751842498779
0.6900858879089355
0.7194886207580566
0.7201724052429199
1.1786282062530518
0.676239013671875
0.7538530826568604
0.7298221588134766
0.7441256046295166
0.5567054748535156
0.6791033744812012
0.5410220623016357
0.7667262554168701
0.6920452117919922
0.7443718910217285
0.727614164352417
0.7243528366088867
0.730811357498169
0.722747802734375
0.724639892578125
0.6875698566436768
0.6670498847961426
0.704836368560791
0.6676790714263916
0.6877014636993408
0.6394965648651123
0.6917800903320312
0.6614069938659668
0.7266521453857422
0.669325590133667
0.7522037029266357
0.6942286491394043
0.675405740737915
0.7040064334869385
0.7127127647399902
0.6592364311218262
0.6921491622924805
0.7077908515930176
0.6971983909606934
0.6997158527374268
0.6845369338989258
0.720775842666626
0.6722891330718994
0.6639699935913086
0.7068946361541748
0.7559466361999512
0.654843807220459
0.6948378086090088
0.7467279434204102
0.7020599842071533
0.6898543834686279
0.5696921348571777
0.7339351177215576
0.6610057353973389
0.7189939022064209
0.7476210594177246
0.6626803874969482
0.6534614562988281
0.6446213722229004
0.6850295066833496
0.658113956451416
0.8176507949829102
0.6744861602783203
0.7143442630767822
0.5549685955047607
0.7451181411743164
0.5491182804107666
0.6707372665405273
0.7069957256317139
0.6680629253387451
0.6722607612609863
0.8303165435791016
0.6828577518463135
0.6707408428192139
0.6807849407196045
0.7050182819366455
0.6874275207519531
0.6782786846160889
0.5583276748657227
0.6838271617889404
0.7001135349273682
0.6705009937286377
0.6834959983825684
0.7061007022857666
0.6672937870025635
0.6958110332489014
0.7030110359191895
0.6857819557189941
0.6976587772369385
0.9292421340942383
0.715296745300293
0.7547719478607178
0.7144598960876465
0.6745243072509766
0.7172489166259766
0.5709755420684814
0.6830108165740967
0.6713995933532715
0.668320894241333
0.7057809829711914
0.669947624206543
0.7026970386505127
0.6936070919036865
0.6592957973480225
0.6948800086975098
0.7057032585144043
0.705960750579834
0.6825463771820068
0.7299494743347168
0.6709103584289551
0.5660679340362549
0.7146799564361572
0.6602234840393066
0.6684460639953613
0.6973240375518799
0.683781623840332
0.647594690322876
0.7225289344787598
0.6625392436981201
0.6967511177062988
0.6676650047302246
0.6430401802062988
0.7216851711273193
0.6698892116546631
0.7206354141235352
0.7990314960479736
0.7120163440704346
0.6649932861328125
0.6603410243988037
0.7416315078735352
0.6596081256866455
0.691861629486084
0.7793412208557129
0.5452659130096436
0.6572365760803223
0.7053241729736328
0.6828670501708984
0.7264964580535889
0.6399352550506592
0.6768527030944824
0.6742196083068848
0.5547792911529541
0.7016863822937012
0.7935853004455566
0.7565529346466064
0.6756167411804199
0.6731326580047607
0.6682848930358887
0.6839144229888916
0.6832423210144043
0.6846888065338135
0.7030837535858154
0.7000782489776611
0.6619467735290527
0.6604158878326416
0.6649613380432129
0.7193052768707275
0.68686842918396
0.6573264598846436
0.6737220287322998
0.7111327648162842
0.7128069400787354
0.6855862140655518
0.6839709281921387
0.6228976249694824
0.7024633884429932
0.6745507717132568
0.6766901016235352
0.7916052341461182
0.6908509731292725
0.6976356506347656
0.5650436878204346
0.7381868362426758
0.6916439533233643
0.6962192058563232
0.7127683162689209
0.7897348403930664
0.7048056125640869
0.6959488391876221
0.6921539306640625
0.6458377838134766
0.6618244647979736
0.6737990379333496
0.9429397583007812
0.661675214767456
0.6838724613189697
0.582838773727417
0.7390744686126709
0.7160048484802246
0.6861393451690674
0.7232341766357422
0.8172504901885986
0.7274155616760254
0.9282066822052002
0.75960373878479
0.6442487239837646
0.6960256099700928
0.702937126159668
0.6565670967102051
0.7807950973510742
0.7562062740325928
0.7026057243347168
0.6980109214782715
0.557117223739624
0.7414774894714355
0.6885256767272949
0.6794226169586182
0.734203577041626
0.7073221206665039
0.651827335357666
0.6821599006652832
0.8624086380004883
0.6906726360321045
0.7030422687530518
0.7377703189849854
0.8204712867736816
0.6745798587799072
0.7373952865600586
0.6607606410980225
0.6920733451843262
0.6672000885009766
0.7536981105804443
0.6746971607208252
0.5415217876434326
0.5947296619415283
0.7471945285797119
0.6843461990356445
0.7063257694244385
0.6872923374176025
0.651278018951416
0.7279717922210693
0.6955361366271973
0.6788697242736816
0.6891188621520996
0.6676144599914551
0.7286641597747803
0.7430179119110107
0.6774632930755615
0.6858961582183838
0.8284265995025635
0.7091400623321533
0.8399672508239746
0.6252453327178955
0.6894071102142334
0.8959312438964844
0.6558043956756592
0.6675660610198975
0.6930854320526123
0.8533539772033691
0.5572144985198975
0.6394064426422119
0.6905257701873779
0.6900005340576172
0.7419264316558838
0.7155563831329346
0.6871364116668701
0.7124652862548828
0.7084589004516602
0.7595293521881104
0.6544530391693115
0.6757118701934814
0.7517898082733154
0.6931207180023193
0.78338623046875
0.7245748043060303
0.9321243762969971
0.5828564167022705
0.712242841720581
0.9137818813323975
0.691643476486206
0.772479772567749
0.6978821754455566
0.683462381362915
0.7157275676727295
0.7262859344482422
0.7118253707885742
0.7134397029876709
0.8059203624725342
0.6832394599914551
0.7373664379119873
0.6866750717163086
0.7160928249359131
0.6953737735748291
0.8041653633117676
0.6940977573394775
0.6943023204803467
0.66806960105896
0.8219735622406006
0.6970405578613281
0.9308414459228516
0.682060956954956
0.685560941696167
0.6965336799621582
0.5590291023254395
0.7122879028320312
0.740180492401123
0.6677632331848145
0.6924049854278564
0.7236857414245605
0.7091259956359863
0.6691014766693115
0.6642847061157227
0.7043459415435791
0.8481321334838867
0.7017045021057129
0.6445691585540771
0.9222018718719482
0.7918305397033691
0.8437485694885254
0.8247721195220947
0.6692283153533936
0.6770529747009277
0.7915940284729004
0.7118082046508789
0.8375043869018555
0.6872062683105469
0.7235500812530518
0.7089509963989258
0.6894559860229492
0.6476109027862549
0.7373981475830078
0.7090139389038086
0.6660218238830566
0.6652190685272217
0.6951720714569092
0.8092453479766846
0.6525039672851562
0.7047924995422363
0.6632494926452637
0.6970546245574951
0.7330582141876221
0.6850650310516357
0.6948196887969971
0.6824705600738525
0.7095794677734375
0.9040861129760742
0.5504453182220459
0.6901195049285889
0.7432506084442139
0.7028553485870361
0.6679327487945557
0.7138264179229736
0.7456614971160889
0.6877219676971436
0.6634237766265869
0.6210286617279053
0.6514461040496826
0.6707949638366699
0.7327179908752441
0.5389213562011719
0.670647382736206
0.7847485542297363
0.6578552722930908
0.6930234432220459
0.8683426380157471
1.0200345516204834
0.6651816368103027
0.6758923530578613
0.7010993957519531
0.7702932357788086
0.6945219039916992
0.67401123046875
0.7075355052947998
0.6846282482147217
0.7254607677459717
0.7108955383300781
0.6694953441619873
0.7370078563690186
0.6561002731323242
0.699793815612793
0.7109360694885254
0.7327446937561035
0.7196323871612549
0.7289378643035889
0.6662449836730957
0.6622095108032227
0.6962146759033203
0.7106680870056152
0.7188057899475098
0.7337877750396729
0.6478211879730225
0.6765596866607666
0.6766588687896729
0.6895806789398193
0.7066159248352051
0.7155752182006836
0.6643068790435791
0.5467448234558105
0.6852188110351562
0.7304754257202148
0.7300777435302734
0.6891977787017822
0.6780252456665039
0.7112777233123779
0.8025689125061035
0.6839747428894043
0.6411206722259521
0.7128727436065674
0.6793813705444336
0.8993825912475586
0.7541840076446533
0.6664402484893799
0.6660208702087402
0.9486043453216553
0.6688055992126465
0.7040295600891113
0.6768946647644043
0.6599636077880859
0.6971468925476074
0.7184734344482422
0.8534924983978271
0.7247512340545654
0.7160437107086182
0.7375826835632324
0.7295615673065186
0.7517077922821045
0.6964242458343506
0.7700626850128174
0.7510035037994385
0.7162361145019531
0.7108442783355713
0.7332377433776855
0.7123830318450928
0.8168296813964844
0.6733753681182861
0.7026529312133789
0.7003440856933594
0.6989154815673828
0.6384756565093994
0.656599760055542
0.7137517929077148
0.7383377552032471
0.557483434677124
0.7642550468444824
0.7108955383300781
0.687877893447876
0.7664413452148438
0.8760805130004883
0.6958832740783691
0.6654820442199707
0.6632943153381348
0.5432600975036621
0.7136461734771729
0.7193694114685059
0.5535874366760254
0.8816156387329102
0.7178618907928467
0.6919169425964355
0.6467392444610596
0.6802866458892822
0.6987707614898682
0.6831319332122803
0.6457397937774658
0.7150301933288574
0.6901912689208984
0.6937553882598877
0.6197826862335205
0.6814677715301514
0.7005770206451416
0.7480707168579102
0.6721673011779785
0.9509737491607666
0.6845591068267822
0.7041716575622559
0.6828434467315674
0.8803210258483887
0.7916598320007324
0.6818764209747314
0.7188003063201904
0.6396279335021973
0.7045612335205078
0.7740278244018555
0.6829733848571777
0.693061351776123
0.7256348133087158
0.690871000289917
0.5730509757995605
0.823810338973999
0.6725261211395264
0.6629927158355713
0.6659853458404541
0.6908342838287354
0.8370091915130615
0.6710772514343262
0.6519088745117188
0.7493636608123779
0.694814920425415
0.6797101497650146
0.8858180046081543
0.7083981037139893
0.6940453052520752
0.6920812129974365
0.8367843627929688
0.6489510536193848
0.7878000736236572
0.6922669410705566
0.7319965362548828
0.8520331382751465
0.6940398216247559
0.718104362487793
0.6866054534912109
0.9048385620117188
0.6824979782104492
0.6630263328552246
0.6914198398590088
0.7028605937957764
0.7088871002197266
0.7167911529541016
0.5486366748809814
0.6907346248626709
0.8938360214233398
0.6754515171051025
0.6943972110748291
0.7047533988952637
0.7498049736022949
0.6969637870788574
0.6834652423858643
0.7529315948486328
0.8205468654632568
0.7335360050201416
0.6890063285827637
0.6814229488372803
0.9144220352172852
0.7015213966369629
0.6889097690582275
0.6699438095092773
0.828803300857544
0.7133491039276123
0.6758861541748047
0.6713104248046875
0.6827824115753174
0.6695129871368408
0.6776871681213379
0.6748664379119873
0.7254583835601807
0.6788680553436279
0.6972057819366455
0.8276195526123047
0.6633768081665039
0.6990690231323242
0.6762824058532715
0.7068867683410645
0.7031605243682861
0.9324958324432373
0.705599308013916
0.7107546329498291
0.8295078277587891
0.7398765087127686
0.7185165882110596
0.8359165191650391
0.6892035007476807
0.6938197612762451
0.7036292552947998
0.7034974098205566
0.7260129451751709
0.6756613254547119
0.6523113250732422
0.7261035442352295
0.6094577312469482
0.7696006298065186
0.691763162612915
0.614283561706543
0.6900804042816162
0.9044506549835205
0.6906712055206299
0.7029097080230713
0.7028002738952637
0.6978855133056641
0.6720101833343506
0.7431232929229736
0.9099342823028564
0.7011013031005859
0.863659143447876
0.686328649520874
0.7212834358215332
0.7405285835266113
0.8342633247375488
0.7730133533477783
0.8551092147827148
0.7405643463134766
0.7009246349334717
0.7881791591644287
0.676616907119751
0.7304213047027588
0.7514910697937012
0.6982762813568115
0.7108721733093262
0.7540316581726074
0.7155160903930664
0.7083048820495605
0.7561922073364258
1.1039412021636963
0.6718659400939941
0.7019827365875244
0.657273530960083
0.7291426658630371
0.6228241920471191
0.6767981052398682
0.6540908813476562
0.9356794357299805
0.8020565509796143
0.7109963893890381
0.6838076114654541
0.8926007747650146
0.785930871963501
0.8483028411865234
0.7515830993652344
0.6715922355651855
0.8722784519195557
0.8387880325317383
0.6655495166778564
0.772634744644165
0.722780704498291
0.6502554416656494
0.7427630424499512
0.7022521495819092
0.7380456924438477
0.7463996410369873
0.8049030303955078
0.9023134708404541
0.678718090057373
0.8133580684661865
0.6861286163330078
0.6560935974121094
0.7079801559448242
0.6814084053039551
0.6483635902404785
0.8810157775878906
0.9319350719451904
0.7008647918701172
0.8453500270843506
0.7247600555419922
0.9290332794189453
0.7435617446899414
0.6730139255523682
0.7080807685852051
0.754817008972168
0.6988968849182129
0.6644020080566406
0.7175590991973877
0.7795443534851074
0.8545336723327637
0.6699366569519043
0.6925041675567627
0.6684684753417969
0.661797046661377
0.7181422710418701
0.6870155334472656
0.8548085689544678
0.764453649520874
0.7301344871520996
0.8382420539855957
0.771960973739624
0.6436018943786621
0.7066457271575928
0.7052245140075684
0.7140905857086182
0.8682389259338379
0.717728853225708
0.738940954208374
0.6713821887969971
0.7057454586029053
0.7177205085754395
0.5528905391693115
0.713660478591919
0.6972799301147461
0.6874330043792725
0.6827840805053711
0.70271897315979
0.7780694961547852
0.6637744903564453
0.5501360893249512
0.695366382598877
0.6818456649780273
0.6719591617584229
0.6648752689361572
0.6629223823547363
0.6713943481445312
0.681586742401123
0.6967477798461914
0.6807827949523926
0.6731462478637695
0.7557778358459473
0.7204926013946533
0.7281701564788818
0.6873128414154053
0.6564862728118896
0.6797637939453125
0.7193043231964111
0.6711533069610596
0.6609599590301514
0.5469326972961426
0.6895527839660645
0.7357878684997559
0.7030463218688965
0.6651496887207031
0.8379182815551758
0.6906454563140869
0.5519273281097412
0.6788327693939209
0.7182426452636719
0.6415815353393555
0.8432304859161377
0.7358672618865967
0.8454744815826416
0.845106840133667
0.7101485729217529
0.8487188816070557
0.8174443244934082
0.746135950088501
0.7637388706207275
0.5493993759155273
0.6576564311981201
0.6756322383880615
0.7259149551391602
0.6706492900848389
0.7559647560119629
0.8044462203979492
0.6685483455657959
0.705106258392334
0.9042496681213379
0.8055286407470703
0.7052242755889893
0.6298258304595947
0.8154802322387695
0.6957056522369385
0.6932852268218994
0.7373857498168945
0.703960657119751
0.6815352439880371
0.8646731376647949
0.7262070178985596
0.6938321590423584
0.6420857906341553
0.742124080657959
0.7892370223999023
0.8353121280670166
0.7281560897827148
0.6666519641876221
0.7925364971160889
0.6890237331390381
0.6332857608795166
0.7161970138549805
0.7101843357086182
0.7071089744567871
0.7003984451293945
0.70442795753479
0.7978968620300293
0.7585508823394775
0.6653566360473633
0.6629958152770996
0.880448579788208
0.7470364570617676
0.7015633583068848
0.6651790142059326
0.6365070343017578
0.7275576591491699
0.6541304588317871
0.7823100090026855
0.6785683631896973
0.892462968826294
0.7218446731567383
0.6886425018310547
0.7765977382659912
0.6853835582733154
0.8922343254089355
0.6504473686218262
0.7202122211456299
0.928715705871582
0.6960623264312744
0.7965450286865234
0.730327844619751
0.8560597896575928
0.6488873958587646
0.5619704723358154
0.6709084510803223
0.6931085586547852
0.9655461311340332
0.6567380428314209
0.7789256572723389
0.689873218536377
0.8702161312103271
0.8526332378387451
0.6662776470184326
0.7727499008178711
0.690859317779541
0.9118177890777588
0.7123398780822754
0.7277693748474121
0.7091169357299805
0.6425058841705322
0.7410693168640137
0.7254619598388672
0.7201836109161377
0.8403522968292236
0.7236855030059814
0.9458839893341064
0.7782976627349854
0.6714074611663818
0.7236270904541016
0.6627984046936035
0.9049158096313477
0.6638307571411133
0.6656098365783691
0.8361682891845703
0.8995404243469238
0.6960446834564209
0.6724555492401123
0.6696293354034424
0.6769227981567383
0.7095639705657959
0.7067105770111084
0.7083885669708252
0.869534969329834
0.7923307418823242
0.7932500839233398
0.7076430320739746
0.7144057750701904
0.7334415912628174
0.8976850509643555
0.7215585708618164
0.7562680244445801
0.6665084362030029
0.7342314720153809
0.9256250858306885
0.7065310478210449
0.9233381748199463
0.7183074951171875
0.7216627597808838
1.0707061290740967
0.668048620223999
0.7301061153411865
0.8423364162445068
0.8191573619842529
0.6985616683959961
0.7397291660308838
0.8132646083831787
0.7931597232818604
0.6932079792022705
0.6768162250518799
0.6993637084960938
0.67423415184021
0.7066640853881836
0.6686155796051025
0.7125504016876221
0.6774444580078125
0.7070443630218506
0.6654765605926514
0.822197675704956
0.7033586502075195
0.7408647537231445
0.550485372543335
0.5652258396148682
0.6486032009124756
0.7044937610626221
0.6893842220306396
0.686023473739624
0.9007368087768555
0.6985597610473633
0.8677217960357666
1.0846691131591797
0.7005460262298584
0.7394256591796875
0.6349818706512451
0.757056474685669
0.662743091583252
0.6879580020904541
0.6723182201385498
0.8542964458465576
0.6487524509429932
0.7227017879486084
0.688683032989502
0.6607942581176758
0.685042142868042
0.7386486530303955
0.8687078952789307
0.6726460456848145
0.6595361232757568
0.7707884311676025
0.9095230102539062
0.736910343170166
0.7136631011962891
0.6935403347015381
0.6902410984039307
0.8265089988708496
0.6827108860015869
0.8365938663482666
0.8080687522888184
0.898540735244751
0.8507118225097656
0.6850507259368896
0.7519760131835938
0.613706111907959
0.7157530784606934
0.7509317398071289
0.6803610324859619
0.7244155406951904
0.7092187404632568
0.776068925857544
0.736828088760376
0.7018117904663086
0.7640271186828613
0.686713457107544
0.7757649421691895
0.6863481998443604
0.680100679397583
0.8477208614349365
1.0557806491851807
0.8643999099731445
0.6991541385650635
0.7303030490875244
0.6707851886749268
0.6717290878295898
0.738760232925415
0.6599674224853516
0.8781051635742188
0.6574912071228027
0.8176853656768799
0.6913571357727051
0.7036762237548828
0.7269411087036133
0.685082197189331
0.8392143249511719
0.6727571487426758
0.7055149078369141
0.7212631702423096
0.7071061134338379
0.6548149585723877
0.6598541736602783
0.785729169845581
0.7024614810943604
0.9187135696411133
0.728386640548706
0.9338948726654053
0.6951267719268799
0.7289142608642578
0.8598573207855225
0.5415096282958984
0.7002222537994385
0.6917209625244141
0.5834581851959229
0.7860510349273682
0.846834659576416
0.6795361042022705
0.7199578285217285
0.6964662075042725
0.6689901351928711
0.6503705978393555
0.7039992809295654
0.7385449409484863
0.6882431507110596
0.6486659049987793
0.6634054183959961
0.6911301612854004
0.7115240097045898
0.868694543838501
0.7076897621154785
0.7331621646881104
0.6929423809051514
0.8566153049468994
0.6718401908874512
0.7649569511413574
0.8523111343383789
0.6491305828094482
0.6840429306030273
0.6827619075775146
0.5359745025634766
0.6387503147125244
0.6482923030853271
0.685417890548706
0.8530571460723877
0.6742403507232666
0.7524082660675049
0.7772414684295654
0.7009754180908203
0.5552000999450684
0.7334082126617432
0.846710205078125
0.7323000431060791
0.8626594543457031
0.6828670501708984
0.720695972442627
0.7042093276977539
0.8075265884399414
0.6451256275177002
0.738692045211792
1.0698988437652588
0.7381362915039062
0.9733057022094727
0.7886481285095215
0.8638451099395752
0.8841884136199951
0.6870832443237305
0.6832180023193359
0.6713385581970215
0.6548080444335938
0.7025017738342285
0.6154170036315918
0.7113614082336426
0.9496493339538574
0.6746652126312256
0.748704195022583
0.6966552734375
0.8061683177947998
0.7232589721679688
0.7271220684051514
0.7207310199737549
0.6577496528625488
0.72884202003479
0.740917444229126
0.6630518436431885
0.6399402618408203
0.6631910800933838
0.8776652812957764
0.7135393619537354
0.8258523941040039
0.7518455982208252
0.6973388195037842
0.6600968837738037
0.6495137214660645
0.6580491065979004
0.751528263092041
0.8233301639556885
0.6814711093902588
0.6739907264709473
0.70477294921875
0.8719007968902588
0.6519160270690918
0.683727502822876
0.6986534595489502
0.6965310573577881
0.6685025691986084
0.8264296054840088
0.6986761093139648
0.6273636817932129
0.7029836177825928
0.7034652233123779
0.6778037548065186
0.6393857002258301
0.6633322238922119
0.7023255825042725
0.6645679473876953
0.8732748031616211
0.7429294586181641
0.7250738143920898
0.7044377326965332
0.7047624588012695
0.6637043952941895
0.7110204696655273
0.9186081886291504
0.6729156970977783
0.8872323036193848
0.7159934043884277
0.6865525245666504
0.7235531806945801
0.7025787830352783
0.7229170799255371
0.6996138095855713
0.7320168018341064
0.7174103260040283
0.7498385906219482
0.6539039611816406
0.695338249206543
0.7322137355804443
0.5955812931060791
0.7069287300109863
0.690263032913208
0.7293426990509033
0.6804072856903076
0.871321439743042
0.6711783409118652
0.6701455116271973
0.7501683235168457
0.7709469795227051
0.8553838729858398
0.6616361141204834
0.6654868125915527
0.6837754249572754
0.6972362995147705
0.8651018142700195
0.7868649959564209
0.6885504722595215
0.7075464725494385
0.7035806179046631
0.7242403030395508
0.6459128856658936
0.6936295032501221
0.6875350475311279
0.866985559463501
0.9239795207977295
0.6522412300109863
0.9438221454620361
0.924468994140625
0.687213659286499
0.7617077827453613
0.6797726154327393
0.6687576770782471
0.6774842739105225
0.7629735469818115
0.8285491466522217
0.6715946197509766
0.7491552829742432
0.7149312496185303
0.7148370742797852
0.6979761123657227
0.7429351806640625
0.7074527740478516
0.6654653549194336
0.7487127780914307
0.6769130229949951
0.5425543785095215
0.6414892673492432
0.8896293640136719
0.9329319000244141
0.9013900756835938
0.8838281631469727
0.6982772350311279
0.7337503433227539
0.8571860790252686
0.6731529235839844
0.6837520599365234
0.6431920528411865
0.7849204540252686
0.558143138885498
0.847853422164917
0.7166121006011963
0.8669524192810059
0.7048485279083252
0.676931619644165
0.8080635070800781
0.668222188949585
0.6831486225128174
0.6564218997955322
0.7062022686004639
0.7136139869689941
0.6734960079193115
0.6974704265594482
0.5456156730651855
0.8424251079559326
0.6786460876464844
0.6733198165893555
0.651329755783081
0.6899981498718262
0.8788418769836426
0.6670095920562744
0.7113797664642334
0.8154799938201904
0.7060225009918213
0.8098371028900146
0.7957568168640137
0.6771986484527588
0.8335309028625488
0.7094502449035645
0.6722517013549805
0.8870584964752197
0.7210919857025146
0.9109232425689697
0.6872193813323975
0.6700544357299805
0.6745743751525879
0.7303574085235596
0.8727662563323975
0.8921716213226318
0.7515163421630859
0.6523308753967285
0.6754517555236816
0.7292335033416748
0.7063531875610352
0.6761918067932129
0.7090568542480469
0.7039229869842529
0.6999771595001221
0.674309253692627
0.69527268409729
0.7147362232208252
0.7113571166992188
0.7293915748596191
0.6542356014251709
0.665257453918457
0.6182186603546143
0.6739895343780518
0.8759975433349609
0.6381897926330566
0.7145247459411621
0.934765100479126
0.6798787117004395
0.6937224864959717
0.6977512836456299
0.6961848735809326
0.7212421894073486
0.8827588558197021
0.6833746433258057
0.8437438011169434
0.6832194328308105
0.9523866176605225
0.6874134540557861
1.0028016567230225
0.7054195404052734
0.650947093963623
0.6719241142272949
0.6759176254272461
1.044701337814331
0.6942644119262695
0.9207522869110107
0.6712455749511719
0.6634879112243652
0.7049071788787842
0.8145909309387207
0.5354366302490234
0.679689884185791
0.6309454441070557
0.8338127136230469
0.6568098068237305
0.6814184188842773
0.8885552883148193
0.7238190174102783
0.8016719818115234
0.6778519153594971
0.6813054084777832
0.801278829574585
0.6889760494232178
0.7956869602203369
0.6548941135406494
0.761225700378418
0.656890869140625
0.9456157684326172
0.6345648765563965
0.8282849788665771
0.7931163311004639
0.8807525634765625
0.6714093685150146
0.6996893882751465
0.6840152740478516
0.6939489841461182
0.6589837074279785
0.6985235214233398
0.7238950729370117
0.6944260597229004
0.8690440654754639
0.7570040225982666
0.6946446895599365
0.9415972232818604
0.8688914775848389
0.7315301895141602
0.6771078109741211
0.7027897834777832
0.5668971538543701
0.680368185043335
0.648756742477417
0.8817532062530518
0.6596355438232422
0.6723418235778809
0.6829264163970947
0.5437216758728027
0.702362060546875
0.7349090576171875
0.7562875747680664
0.8758985996246338
0.7515497207641602
0.6477570533752441
0.7243320941925049
0.8881752490997314
0.8433809280395508
0.6747989654541016
0.7407727241516113
0.6728227138519287
0.750941276550293
0.7364933490753174
0.6772913932800293
0.7725944519042969
0.6583547592163086
0.7390007972717285
0.8957202434539795
0.6795287132263184
0.6903846263885498
0.8965508937835693
0.7211806774139404
0.8354682922363281
0.6723768711090088
0.9065561294555664
0.8714025020599365
0.7420933246612549
0.761638879776001
0.7107529640197754
0.8336293697357178
0.6532275676727295
0.6682133674621582
0.7393648624420166
0.7460849285125732
0.7640693187713623
0.6904549598693848
0.697561502456665
0.7389788627624512
0.7569098472595215
0.8939690589904785
0.7093393802642822
0.6657764911651611
0.7017183303833008
0.6677155494689941
0.9185259342193604
0.7735881805419922
0.7263610363006592
0.6770431995391846
0.8381085395812988
0.6702711582183838
0.6865017414093018
0.891913652420044
0.6720263957977295
0.7361898422241211
0.6863353252410889
0.6564912796020508
0.6675128936767578
0.6674816608428955
0.7268166542053223
0.6812119483947754
0.7041513919830322
0.6800839900970459
0.7284619808197021
0.6798250675201416
0.7535140514373779
0.5426421165466309
0.8468868732452393
0.8543322086334229
0.6921522617340088
0.6488540172576904
0.6752235889434814
0.6905732154846191
0.5590000152587891
0.8715460300445557
0.6167457103729248
0.688225507736206
0.6368558406829834
0.6567666530609131
0.6829588413238525
0.7060196399688721
0.6637570858001709
0.6435487270355225
0.6742935180664062
0.6880519390106201
0.6560714244842529
0.665762186050415
0.7546341419219971
0.6642241477966309
0.6778244972229004
0.7197520732879639
0.6598339080810547
0.6676921844482422
0.8659951686859131
0.8597984313964844
0.6966042518615723
0.8604292869567871
0.7155084609985352
0.6678125858306885
0.633385181427002
0.7469689846038818
0.893174409866333
0.8507614135742188
0.735743522644043
0.6815001964569092
0.6933658123016357
0.7134444713592529
0.869966983795166
0.7029383182525635
0.844876766204834
0.8050453662872314
0.6929149627685547
0.7308492660522461
0.7023105621337891
0.7043545246124268
0.665764331817627
0.7479498386383057
0.6697580814361572
0.724271297454834
0.6567926406860352
0.5505151748657227
0.6567366123199463
0.9305388927459717
0.5469386577606201
0.7636299133300781
0.8511347770690918
0.6793155670166016
0.6931319236755371
0.6693551540374756
0.7084660530090332
0.7802927494049072
0.6868925094604492
0.6981532573699951
0.6226942539215088
0.649381160736084
0.6823296546936035
0.7168641090393066
0.8859367370605469
0.7100226879119873
0.7340364456176758
0.6916885375976562
0.665522575378418
0.6666786670684814
0.706500768661499
0.72536301612854
0.8541219234466553
0.8446841239929199
0.7216007709503174
0.6782772541046143
0.8830153942108154
0.646547794342041
0.6337659358978271
1.0405120849609375
0.7054016590118408
0.6544108390808105
0.6867532730102539
0.6732683181762695
0.7110710144042969
0.6902041435241699
0.6385757923126221
0.7003426551818848
0.8535044193267822
0.6791853904724121
1.0082900524139404
0.7386937141418457
0.6807901859283447
0.6659400463104248
0.6505200862884521
0.6776704788208008
0.6654956340789795
0.7126011848449707
0.7558057308197021
0.741624116897583
0.6643414497375488
0.820197582244873
0.7058467864990234
0.7198753356933594
0.6634867191314697
0.7270979881286621
0.8904516696929932
1.0614299774169922
0.7161061763763428
0.6865110397338867
0.7200500965118408
0.7292368412017822
0.771456241607666
0.8624467849731445
0.6677665710449219
0.7042977809906006
0.7056818008422852
0.6442306041717529
0.8626515865325928
0.7192082405090332
0.6963202953338623
0.7276079654693604
0.6710944175720215
0.862933874130249
0.6742966175079346
0.7076151371002197
0.6369316577911377
0.6673078536987305
0.6531298160552979
0.867403507232666
0.7049283981323242
0.6849617958068848
0.7065408229827881
0.6797738075256348
0.7358722686767578
0.8813614845275879
0.7038569450378418
0.7068307399749756
0.7576444149017334
0.8410449028015137
0.7155725955963135
0.7445878982543945
0.6742246150970459
0.7351315021514893
0.547208309173584
0.7642340660095215
0.7013177871704102
0.8507308959960938
0.6939911842346191
0.7073750495910645
0.9845037460327148
0.6964011192321777
0.6689438819885254
0.8632683753967285
0.9129223823547363
0.8972418308258057
0.8114089965820312
0.6910996437072754
0.8693366050720215
0.7161924839019775
0.7647948265075684
0.667482852935791
0.7102680206298828
0.5347495079040527
0.6259117126464844
0.82570481300354
0.678645133972168
0.8858027458190918
0.697624921798706
0.7387630939483643
0.8665356636047363
0.9141144752502441
0.9092099666595459
0.6611926555633545
0.6477432250976562
0.6973481178283691
0.6897649765014648
0.6748390197753906
0.7652904987335205
0.6907346248626709
0.6516745090484619
0.6845850944519043
0.7190361022949219
0.865870475769043
0.8213989734649658
0.6617050170898438
0.6570749282836914
0.7282838821411133
0.9589393138885498
0.6524593830108643
0.6703119277954102
0.7316970825195312
0.6818943023681641
0.726794958114624
0.9695920944213867
0.6362218856811523
0.7490317821502686
0.7347226142883301
0.6915774345397949
0.7264206409454346
0.7480106353759766
0.8576924800872803
0.6860747337341309
0.8728024959564209
0.6555197238922119
0.6903295516967773
0.7085893154144287
0.6798970699310303
0.9400489330291748
0.7084736824035645
0.7690198421478271
0.6348397731781006
0.6768519878387451
0.5388760566711426
0.6782412528991699
0.6832156181335449
0.6908011436462402
1.0150647163391113
0.6754415035247803
0.6821448802947998
0.6928386688232422
0.7488019466400146
0.6970863342285156
0.6609845161437988
0.6937980651855469
