1.324355125427246
1.317469596862793
1.3180866241455078
1.2133710384368896
1.3127350807189941
1.280787467956543
1.4412426948547363
1.2400567531585693
1.3587956428527832
1.2552118301391602
1.3907771110534668
1.3368494510650635
1.3653099536895752
1.2933275699615479
1.373168706893921
1.2135701179504395
1.2585980892181396
1.301520586013794
1.3122382164001465
1.2738559246063232
1.302596092224121
1.3560144901275635
1.338322639465332
1.2986373901367188
1.1372320652008057
1.2380132675170898
1.342045783996582
1.4136323928833008
1.3012490272521973
1.3742339611053467
1.255871295928955
1.2833902835845947
1.2959182262420654
1.4174516201019287
1.3263978958129883
1.3186919689178467
1.320194959640503
1.3212525844573975
1.3442823886871338
1.1556825637817383
1.3119792938232422
1.2230901718139648
1.311168909072876
1.2853243350982666
1.302551031112671
1.1978447437286377
1.3008155822753906
1.3167328834533691
1.1389567852020264
1.376798391342163
1.256775140762329
1.081270694732666
1.3133163452148438
1.2051889896392822
1.529104471206665
1.260939121246338
1.4691095352172852
1.2780017852783203
1.2730274200439453
1.2176883220672607
1.5200986862182617
1.2777340412139893
1.3329353332519531
1.4026708602905273
1.461740493774414
1.2782535552978516
1.3546535968780518
1.3172004222869873
1.3170979022979736
1.1828386783599854
1.3053903579711914
1.4280729293823242
1.4350574016571045
1.35697340965271
1.357407808303833
1.355900764465332
1.2605581283569336
1.4893450736999512
1.3400523662567139
1.3305025100708008
1.4993095397949219
1.2583386898040771
1.061669111251831
1.2986555099487305
1.1940906047821045
1.2952721118927002
1.3588323593139648
1.3934061527252197
1.328303337097168
1.3214986324310303
1.1735608577728271
1.3753299713134766
1.3781249523162842
1.3393924236297607
1.4589078426361084
1.3970341682434082
1.2832021713256836
1.351186752319336
1.137660264968872
1.1887855529785156
1.3390066623687744
1.4024581909179688
1.7310280799865723
1.0831618309020996
1.3120343685150146
1.3835232257843018
1.4365413188934326
1.2867920398712158
1.2829947471618652
1.3036127090454102
1.317723035812378
1.3423638343811035
1.385655403137207
1.3255972862243652
1.581556797027588
1.374682903289795
1.2718400955200195
1.2790863513946533
1.1990768909454346
1.357696771621704
1.3600919246673584
1.2995030879974365
1.3049631118774414
1.3685715198516846
1.4546678066253662
1.3047621250152588
1.2383184432983398
1.4084620475769043
1.4782376289367676
1.3774528503417969
1.3882687091827393
1.0259580612182617
1.234238862991333
1.3213024139404297
1.293534278869629
1.3416719436645508
1.3717002868652344
1.4453704357147217
1.4432775974273682
1.3184082508087158
1.1349749565124512
1.379525899887085
1.3735980987548828
1.3750770092010498
1.2623283863067627
1.3042891025543213
1.319322109222412
1.4000358581542969
1.2771928310394287
1.408864974975586
1.2650628089904785
1.36409330368042
1.34743070602417
1.3796377182006836
1.3081386089324951
1.3436522483825684
1.3407700061798096
1.4601712226867676
1.337883710861206
1.20106840133667
1.5391383171081543
1.3593802452087402
1.3382887840270996
1.2786860466003418
1.0715160369873047
1.3586251735687256
1.2797181606292725
1.3803422451019287
1.361523151397705
1.4141778945922852
1.3790524005889893
1.3403277397155762
1.2352702617645264
1.3388514518737793
1.3596398830413818
1.2707700729370117
1.3332645893096924
1.0665040016174316
1.356947422027588
1.4023358821868896
1.3354475498199463
1.3429198265075684
1.3593494892120361
1.340904712677002
1.2567710876464844
1.302164077758789
1.471813678741455
1.3876898288726807
1.3021395206451416
1.3402280807495117
1.2597148418426514
1.3376827239990234
1.3547284603118896
1.3801815509796143
1.3131682872772217
1.338904857635498
1.336648941040039
1.3492426872253418
1.2648053169250488
1.2981834411621094
1.32308030128479
1.218338966369629
1.3183398246765137
1.305424690246582
1.483001470565796
1.4001007080078125
1.317972183227539
1.3430078029632568
1.3939921855926514
1.2929883003234863
1.1553475856781006
1.3779590129852295
1.2842581272125244
1.3570470809936523
1.3967688083648682
1.2756128311157227
1.2752270698547363
1.2842307090759277
1.3011348247528076
1.3474533557891846
1.3242077827453613
1.2973816394805908
1.3761773109436035
1.3005692958831787
1.1849784851074219
1.4367127418518066
1.3949718475341797
1.2020623683929443
1.3343136310577393
1.3813974857330322
1.3889250755310059
1.3593032360076904
1.061157464981079
1.3797461986541748
1.2752773761749268
1.360581874847412
1.217555284500122
1.3972723484039307
1.3277571201324463
1.3579535484313965
1.445634365081787
1.2996740341186523
1.3041555881500244
1.4854419231414795
1.27534818649292
1.3600327968597412
1.3487844467163086
1.278289556503296
1.4516334533691406
1.5127100944519043
1.3567595481872559
1.1752774715423584
1.3421008586883545
1.3375823497772217
1.3306536674499512
1.3490684032440186
1.3158390522003174
1.2968354225158691
1.0983259677886963
1.365166425704956
1.320685863494873
1.2149579524993896
1.5231387615203857
1.5246047973632812
1.071969985961914
1.2964608669281006
1.3055729866027832
1.3951525688171387
1.8198649883270264
1.3992767333984375
1.4400544166564941
1.3363680839538574
1.5310423374176025
1.396261215209961
1.3378486633300781
1.4245522022247314
1.2775774002075195
1.2860076427459717
1.3414137363433838
1.426506519317627
1.3193953037261963
1.2996187210083008
1.4396483898162842
1.2940475940704346
1.363370656967163
1.3016202449798584
1.4189965724945068
1.2856855392456055
1.4040606021881104
1.30379319190979
1.3205695152282715
1.338681697845459
1.25105881690979
1.3172416687011719
1.3385038375854492
1.3264694213867188
1.370713710784912
1.5121541023254395
1.4492993354797363
1.3957726955413818
1.3196020126342773
1.3567495346069336
1.3384437561035156
1.257840633392334
1.3332948684692383
1.3233213424682617
1.3616056442260742
1.0566301345825195
1.3783512115478516
1.3179445266723633
1.313647747039795
1.3414812088012695
1.291780948638916
1.2664368152618408
1.4300358295440674
1.360335350036621
1.4661815166473389
1.3546183109283447
1.5439295768737793
1.263366937637329
1.2594060897827148
1.284724235534668
1.3016116619110107
1.3173632621765137
1.3803491592407227
1.3494081497192383
1.4008183479309082
1.3049407005310059
1.3394904136657715
1.2987079620361328
1.3784043788909912
1.3820774555206299
1.2200517654418945
1.404789924621582
1.3419196605682373
1.2788207530975342
1.1024508476257324
1.4577791690826416
1.202697515487671
1.274773359298706
1.3215579986572266
1.3542416095733643
1.3268749713897705
1.4312145709991455
1.3104267120361328
1.580932855606079
1.362588882446289
1.3436717987060547
1.3595786094665527
1.3928155899047852
1.3041820526123047
1.3965349197387695
1.4188010692596436
1.3014230728149414
1.279839038848877
1.3417458534240723
1.3150742053985596
1.4271430969238281
1.2164180278778076
1.3815007209777832
1.3582730293273926
1.31907057762146
1.282202959060669
1.321974277496338
1.397498369216919
1.2381417751312256
1.0957379341125488
1.383272409439087
1.3666486740112305
1.3427858352661133
1.2759499549865723
1.2952678203582764
1.3132257461547852
1.3776986598968506
1.2715463638305664
1.3024399280548096
1.423419713973999
1.3801820278167725
1.3196699619293213
1.3659389019012451
1.2532153129577637
1.4738471508026123
1.2843756675720215
1.376882791519165
1.3383293151855469
1.3944587707519531
1.3022034168243408
1.099064588546753
1.3188378810882568
1.3581562042236328
1.3165438175201416
1.383143424987793
1.4538910388946533
1.3453140258789062
1.3236618041992188
1.4014484882354736
1.3803861141204834
1.3731622695922852
1.294389009475708
1.400782823562622
1.3220763206481934
1.3165738582611084
1.4790003299713135
1.3310110569000244
1.3002898693084717
1.285698652267456
1.37483811378479
1.2894847393035889
1.2759618759155273
1.4015498161315918
1.4077045917510986
1.3249549865722656
1.4396822452545166
1.3415253162384033
1.259981393814087
1.2966313362121582
1.3361482620239258
1.300368309020996
1.4115426540374756
1.3217954635620117
1.240114450454712
1.3180482387542725
1.4431958198547363
1.4964492321014404
1.0382609367370605
1.4037282466888428
1.3784964084625244
1.3936853408813477
1.3554844856262207
1.2804975509643555
1.4285051822662354
1.340764045715332
1.3030586242675781
1.324138879776001
1.2808172702789307
1.3144850730895996
1.101165533065796
1.2723803520202637
1.2971422672271729
1.4032833576202393
1.37461519241333
1.3147954940795898
1.3138701915740967
1.379953145980835
1.3053979873657227
1.353882074356079
1.418586015701294
1.382683277130127
1.3004958629608154
1.478675365447998
1.337003469467163
1.334587812423706
1.2023465633392334
1.3989856243133545
1.3580892086029053
1.3360109329223633
1.3774032592773438
1.3379454612731934
1.2193222045898438
1.2967216968536377
1.3277642726898193
1.3202629089355469
1.3381359577178955
1.2986664772033691
1.289747714996338
1.3131990432739258
1.2794551849365234
1.360938549041748
1.2904791831970215
1.2954256534576416
1.2969982624053955
1.375230312347412
1.261444330215454
1.2123887538909912
1.2729570865631104
1.3236048221588135
1.3335981369018555
1.3193919658660889
1.3769657611846924
1.4031791687011719
1.3769028186798096
1.4620728492736816
1.327970266342163
1.3379485607147217
1.335404872894287
1.3574590682983398
1.3787460327148438
1.4514551162719727
1.1563405990600586
1.3391094207763672
1.3521642684936523
1.4175143241882324
1.3228840827941895
1.3682875633239746
1.3782176971435547
1.4526937007904053
1.3375508785247803
1.3114984035491943
1.3763160705566406
1.4027395248413086
1.3199405670166016
1.3568849563598633
1.3028357028961182
1.361694574356079
1.3942687511444092
1.33198881149292
1.440441608428955
1.3197400569915771
1.2947909832000732
1.1176352500915527
1.463696002960205
1.3972222805023193
1.1585969924926758
1.3507368564605713
1.5153863430023193
1.3749656677246094
1.3376717567443848
1.3394339084625244
1.3564162254333496
1.3629987239837646
1.338965892791748
1.5439774990081787
1.1973161697387695
1.357607364654541
1.454174280166626
1.2143700122833252
1.3974401950836182
1.2595641613006592
1.2614493370056152
1.3218045234680176
1.3408114910125732
1.353050708770752
1.379476547241211
1.2971899509429932
1.338970422744751
1.2617607116699219
1.3137528896331787
1.323634147644043
1.3632419109344482
1.29719877243042
1.3202600479125977
1.3123266696929932
1.37923002243042
1.2937641143798828
1.3824434280395508
1.2923340797424316
1.3415415287017822
1.3376057147979736
1.299461841583252
1.341076374053955
1.357973337173462
1.337589979171753
1.3952620029449463
1.3231399059295654
1.2440271377563477
1.3302748203277588
1.539332389831543
1.349623441696167
1.3586316108703613
1.306096076965332
1.3013007640838623
1.3919792175292969
1.4236321449279785
1.5156519412994385
1.2161686420440674
1.3838837146759033
1.3195414543151855
1.378711223602295
1.4709267616271973
1.361163854598999
1.5002734661102295
1.3573851585388184
1.3789186477661133
1.4600977897644043
1.3427259922027588
1.3546712398529053
1.3930609226226807
1.2809491157531738
1.136664628982544
1.2406246662139893
1.396336555480957
1.3584768772125244
1.2226417064666748
1.4226362705230713
1.3599085807800293
1.3571619987487793
1.3229265213012695
1.2653117179870605
1.3402743339538574
1.4400482177734375
1.2790002822875977
1.2429018020629883
1.4331536293029785
1.2724151611328125
1.645796298980713
1.3139543533325195
1.3229920864105225
1.314406156539917
1.3601298332214355
1.3021924495697021
1.3202106952667236
1.3580219745635986
1.299699068069458
1.426417350769043
1.3141345977783203
1.715667486190796
1.360156536102295
1.3195297718048096
1.3637666702270508
1.3238871097564697
1.3681292533874512
1.5313150882720947
1.3314859867095947
1.3851957321166992
1.4030230045318604
1.3209903240203857
1.2848687171936035
1.3608410358428955
1.4171576499938965
1.3455023765563965
1.38041353225708
1.3180010318756104
1.3807952404022217
1.299436330795288
1.3697330951690674
1.299415111541748
1.236158847808838
1.2766292095184326
1.1390767097473145
1.337155818939209
1.2914469242095947
1.5364930629730225
1.3006925582885742
1.3255856037139893
1.336684226989746
1.3012440204620361
1.3385636806488037
1.3826546669006348
1.7629213333129883
1.318371057510376
1.280080795288086
1.98203706741333
1.302495002746582
1.302424669265747
1.2939119338989258
1.3439648151397705
1.5437431335449219
1.3201136589050293
1.333181381225586
1.3403232097625732
1.1815457344055176
1.276897668838501
1.0995638370513916
1.3526222705841064
1.3926098346710205
1.3846240043640137
1.3743903636932373
1.3603534698486328
1.574648380279541
1.335150957107544
1.5766897201538086
1.38267183303833
1.4266510009765625
2.1333627700805664
1.4301643371582031
1.373708724975586
1.3159096240997314
1.3701038360595703
1.293097734451294
1.3515503406524658
1.1185035705566406
1.3094842433929443
1.3940815925598145
1.4373722076416016
1.3064689636230469
1.3016653060913086
1.9796078205108643
1.3556289672851562
1.332885503768921
1.5958831310272217
1.3247523307800293
1.211817979812622
1.4484210014343262
1.3405547142028809
1.4458081722259521
1.3645586967468262
1.3600468635559082
1.4539399147033691
1.3976719379425049
1.3399250507354736
1.3632009029388428
1.3349382877349854
1.413231372833252
1.370615005493164
1.2969560623168945
1.3865628242492676
1.2049031257629395
1.500939130783081
1.3570871353149414
1.3266448974609375
1.4022431373596191
1.3245337009429932
1.3883862495422363
1.2770614624023438
1.3162813186645508
1.2593185901641846
1.3601317405700684
1.4976437091827393
1.7038805484771729
1.4013433456420898
1.364997386932373
1.4815731048583984
1.4628007411956787
1.3766701221466064
1.2614014148712158
1.3180723190307617
1.4767701625823975
1.0970261096954346
1.3231189250946045
1.3226380348205566
1.3206379413604736
1.371941328048706
1.3028016090393066
1.3335685729980469
1.3578236103057861
1.3601129055023193
1.3208205699920654
1.479525089263916
1.3695380687713623
1.3774375915527344
1.4342327117919922
1.296438217163086
1.3432154655456543
1.3939197063446045
1.377319574356079
1.3562157154083252
1.592487096786499
1.4290461540222168
1.476633071899414
1.3560402393341064
1.0801701545715332
1.5611095428466797
1.4900703430175781
1.3963732719421387
1.2972285747528076
1.449463129043579
1.3160741329193115
1.3558204174041748
1.4180164337158203
1.1552917957305908
1.3227760791778564
1.296203374862671
1.339555263519287
1.3226680755615234
1.2582993507385254
1.4082081317901611
1.6388611793518066
1.3383982181549072
1.2446837425231934
1.3308379650115967
1.884549617767334
1.4643168449401855
1.4405362606048584
1.72686767578125
1.2537884712219238
1.4787700176239014
1.2948400974273682
1.3542935848236084
1.2959532737731934
1.2804529666900635
1.483651876449585
1.4105517864227295
1.3998229503631592
1.3728539943695068
1.3550176620483398
1.4206264019012451
1.5019843578338623
1.5486185550689697
1.3974192142486572
1.4805552959442139
1.481391191482544
1.5381417274475098
1.3184781074523926
1.4034769535064697
1.3951172828674316
1.140101671218872
1.318962812423706
1.4389259815216064
1.2955818176269531
1.3834495544433594
1.3840858936309814
1.4036846160888672
1.7407705783843994
1.8077895641326904
1.352550745010376
1.3639967441558838
1.462038516998291
1.335850477218628
1.2793607711791992
2.009490966796875
1.355769157409668
1.3335494995117188
1.367779016494751
1.1947898864746094
1.4769911766052246
1.214592695236206
1.3360345363616943
1.358734369277954
1.4965553283691406
1.2197659015655518
1.3057911396026611
1.1913018226623535
1.5021860599517822
1.3604803085327148
1.4459507465362549
1.6738169193267822
1.4840099811553955
1.439626932144165
1.3602900505065918
1.4323770999908447
1.441654920578003
1.4637174606323242
1.3458037376403809
1.3239808082580566
1.5229051113128662
1.3393263816833496
1.5602116584777832
1.3999249935150146
1.2042090892791748
1.0710246562957764
1.315443992614746
1.3824331760406494
1.3756766319274902
1.618096113204956
1.4590721130371094
1.3153889179229736
1.2167880535125732
1.3719000816345215
1.3748562335968018
1.3237040042877197
1.38045072555542
1.3309667110443115
1.3349170684814453
1.2984678745269775
1.4627094268798828
1.5004372596740723
1.3345279693603516
1.318695068359375
1.3214390277862549
1.394209861755371
1.3947291374206543
1.3400065898895264
1.2123663425445557
1.323340654373169
1.3467602729797363
1.438103437423706
1.34018874168396
1.3521642684936523
1.3441925048828125
1.357156753540039
1.378082036972046
1.3237338066101074
1.340522050857544
1.3187050819396973
1.311535120010376
1.3336918354034424
1.4168410301208496
1.3864336013793945
1.3357679843902588
1.2977380752563477
1.3348588943481445
1.327155351638794
1.315901279449463
1.3420028686523438
1.3999443054199219
1.4829981327056885
1.3792099952697754
1.6030395030975342
1.3754408359527588
1.2414095401763916
1.4311158657073975
1.4620709419250488
1.3788793087005615
1.4404675960540771
1.399277925491333
1.5116183757781982
1.4151666164398193
1.3364994525909424
1.4843783378601074
1.3192524909973145
1.4967260360717773
1.2238094806671143
1.454568862915039
1.3000860214233398
1.3558454513549805
1.515805959701538
1.4158847332000732
1.357628345489502
1.3833973407745361
1.3321616649627686
1.343196153640747
1.6091866493225098
1.3378822803497314
1.3908677101135254
1.2381765842437744
1.3126540184020996
1.400048017501831
1.5056922435760498
1.3752529621124268
1.3760595321655273
1.4416413307189941
1.321094274520874
1.4062950611114502
1.1388359069824219
2.0083227157592773
1.3543686866760254
1.1331934928894043
1.5357027053833008
1.3955535888671875
1.3108210563659668
1.4590773582458496
1.3864307403564453
1.3196208477020264
1.041067361831665
1.3316256999969482
1.3522562980651855
1.2882804870605469
1.3889665603637695
1.8842055797576904
1.2842636108398438
1.3352463245391846
1.6920537948608398
1.4145252704620361
1.333953857421875
1.3372960090637207
1.306168794631958
1.3536717891693115
1.5310232639312744
1.4162404537200928
1.2534334659576416
1.1961719989776611
1.3515007495880127
1.3747801780700684
1.3825647830963135
1.3752789497375488
1.3774480819702148
1.354334831237793
1.265859842300415
1.3756561279296875
1.6208233833312988
1.457207202911377
1.642439842224121
1.709740400314331
1.2381627559661865
1.3406987190246582
1.3796184062957764
1.3404088020324707
1.3122870922088623
1.329012155532837
1.3430137634277344
1.7045769691467285
1.2581603527069092
1.3149044513702393
1.3332126140594482
1.3451592922210693
1.537992000579834
1.3176295757293701
1.1748957633972168
1.500413179397583
1.2780625820159912
1.4771878719329834
1.3318266868591309
1.4012901782989502
1.4859726428985596
1.4545488357543945
1.3337833881378174
1.3201971054077148
1.3580584526062012
1.7976179122924805
1.3006196022033691
1.4413204193115234
1.391080617904663
1.4064805507659912
1.577451229095459
1.3393852710723877
1.4147374629974365
1.3205342292785645
1.299147605895996
1.3465356826782227
1.4398193359375
1.2968149185180664
1.399458408355713
1.1606731414794922
1.360541582107544
1.4811897277832031
1.0769963264465332
1.313117504119873
1.375053882598877
1.140519380569458
1.1139826774597168
1.3801171779632568
1.3580565452575684
1.366163969039917
1.3751459121704102
1.653778314590454
1.4774131774902344
1.378037452697754
1.3703045845031738
1.3374204635620117
1.6579101085662842
1.377018928527832
1.5674762725830078
1.6366252899169922
1.3859095573425293
1.5680272579193115
1.4385859966278076
1.3324322700500488
1.593923807144165
1.476193904876709
1.3400840759277344
1.438920021057129
1.3011858463287354
1.3185451030731201
1.3541347980499268
1.4141302108764648
2.1573574542999268
1.4317641258239746
1.6725058555603027
1.3159418106079102
1.3839075565338135
1.560387372970581
1.6248652935028076
1.2921881675720215
1.6306076049804688
1.6314783096313477
1.4539601802825928
1.787827968597412
1.456563949584961
1.376943588256836
1.5056655406951904
1.4545674324035645
1.3840727806091309
1.3240931034088135
1.3187718391418457
1.3264007568359375
1.350409984588623
1.3722975254058838
1.3804564476013184
1.4266095161437988
1.6456971168518066
1.3971035480499268
1.3839902877807617
1.3507499694824219
1.3130359649658203
1.2844226360321045
1.1958751678466797
1.2588481903076172
1.2848625183105469
1.3008816242218018
1.7337186336517334
1.1761009693145752
1.3397612571716309
1.3549163341522217
1.4262723922729492
1.8851854801177979
1.3237080574035645
1.3360278606414795
1.355902910232544
1.3855619430541992
1.3225533962249756
1.583430528640747
1.3553800582885742
1.3628661632537842
1.7177228927612305
1.444983959197998
1.7417340278625488
1.3354926109313965
1.4272677898406982
1.4027888774871826
1.293882131576538
1.3346621990203857
1.303312063217163
1.6570641994476318
1.414872407913208
1.0574629306793213
1.4436883926391602
1.3200132846832275
1.4635918140411377
1.2436041831970215
1.3196191787719727
1.3011415004730225
1.5390503406524658
1.5336956977844238
1.3434453010559082
1.4025161266326904
1.3791711330413818
1.3265838623046875
1.3043770790100098
1.2026770114898682
1.4327418804168701
1.3209500312805176
1.381042242050171
1.343576192855835
1.2951126098632812
1.2985451221466064
1.542210340499878
1.103039264678955
1.3446505069732666
1.2973837852478027
1.2998895645141602
1.3589870929718018
1.3383190631866455
1.2609374523162842
1.5879578590393066
1.3408534526824951
1.4605491161346436
1.302161455154419
1.342320442199707
1.4586141109466553
1.1410019397735596
1.26389741897583
1.3751652240753174
1.1012749671936035
1.3853652477264404
1.461313247680664
1.336299180984497
1.5541558265686035
1.216583013534546
1.280724287033081
1.3196196556091309
1.4149234294891357
1.425529956817627
1.3654506206512451
1.3660194873809814
1.3979082107543945
1.3658506870269775
1.4878113269805908
1.3316435813903809
1.411003828048706
1.3208839893341064
1.6788954734802246
1.4565033912658691
1.4014506340026855
1.3968701362609863
1.2917468547821045
1.4019830226898193
1.3758957386016846
1.5367786884307861
1.3460073471069336
1.3598480224609375
1.3100483417510986
1.3982799053192139
1.3345818519592285
1.3370063304901123
1.4435322284698486
1.340125560760498
1.382183313369751
1.2789320945739746
1.659867763519287
1.275740385055542
1.376220941543579
1.380267858505249
1.3423371315002441
1.4398419857025146
1.3815803527832031
1.3369295597076416
1.382234811782837
1.48414945602417
1.4263560771942139
1.2120957374572754
1.342724084854126
1.564286708831787
1.4381248950958252
1.3555164337158203
1.338860034942627
1.4816627502441406
1.4085283279418945
1.3210043907165527
1.2745466232299805
1.3423762321472168
1.351283311843872
1.4250502586364746
1.2109718322753906
1.5998291969299316
1.5442306995391846
1.4640393257141113
1.7166543006896973
1.3600726127624512
1.3271934986114502
1.2754302024841309
1.265758991241455
1.3606441020965576
1.2845635414123535
1.5052404403686523
1.381101131439209
1.2230212688446045
1.3557701110839844
1.3062782287597656
1.3787033557891846
1.3124938011169434
1.4735071659088135
1.3646774291992188
1.340710163116455
1.3226783275604248
1.3744392395019531
1.3706684112548828
1.4193801879882812
1.3792598247528076
2.0576577186584473
1.2404558658599854
1.2876594066619873
1.3847365379333496
1.687687635421753
1.3643770217895508
1.3157625198364258
1.763059377670288
1.7568786144256592
1.4188337326049805
1.4161014556884766
1.30275297164917
1.4158251285552979
1.3556249141693115
1.3415517807006836
1.376155138015747
1.330317497253418
1.4365615844726562
1.3409574031829834
1.558011531829834
1.3398098945617676
1.2462389469146729
1.5567913055419922
1.3433070182800293
1.4287176132202148
1.298248052597046
1.3207528591156006
1.3218724727630615
1.3751778602600098
1.1161603927612305
1.3243067264556885
1.4325511455535889
1.7218005657196045
1.363464593887329
1.3233158588409424
1.3927273750305176
1.5664184093475342
1.437403678894043
1.3345561027526855
1.2784838676452637
1.3986482620239258
1.431612253189087
1.4151926040649414
1.33109450340271
1.3011205196380615
1.514779806137085
1.3759334087371826
1.2631371021270752
1.3828656673431396
1.4163978099822998
1.4191174507141113
1.2577946186065674
1.2984552383422852
1.275022268295288
1.3231923580169678
1.4144456386566162
1.3583409786224365
1.3833377361297607
1.1004455089569092
1.383744239807129
1.4803733825683594
1.3935959339141846
1.281048059463501
1.365380048751831
1.4707133769989014
1.242506980895996
1.3619024753570557
1.3541545867919922
1.406703233718872
1.3197906017303467
1.4175605773925781
1.273118019104004
1.422044038772583
1.366300344467163
1.3122661113739014
1.4743471145629883
1.3590574264526367
1.5543313026428223
1.3204340934753418
1.3604905605316162
1.5561013221740723
1.4076826572418213
1.415247917175293
1.410090446472168
1.382676124572754
1.3610174655914307
1.3974084854125977
1.3225104808807373
1.4026083946228027
1.304793357849121
1.460688829421997
1.5060327053070068
1.3399596214294434
1.335221529006958
1.3254330158233643
1.3353667259216309
1.3782286643981934
1.3194763660430908
1.3926489353179932
1.3449647426605225
1.463395118713379
1.3388915061950684
1.3588457107543945
1.4176793098449707
1.3100428581237793
1.4285755157470703
1.5063927173614502
1.318892240524292
1.1162147521972656
1.396381139755249
1.333592414855957
1.370439052581787
1.3775100708007812
1.2926208972930908
1.3174455165863037
1.4197752475738525
1.3137505054473877
1.2833492755889893
1.276010274887085
1.4127082824707031
1.4046845436096191
1.3875327110290527
1.6052305698394775
1.4218559265136719
1.3348517417907715
1.3983988761901855
1.4217991828918457
1.337264060974121
1.376185655593872
1.317082166671753
1.3921785354614258
1.1185061931610107
1.3130712509155273
1.1158323287963867
1.6443991661071777
1.2615206241607666
1.151177167892456
1.255211591720581
1.4729421138763428
1.5826101303100586
1.3361048698425293
1.4423131942749023
1.4791862964630127
1.3437139987945557
1.2387032508850098
1.3209259510040283
1.277416706085205
1.4002418518066406
1.609128475189209
1.2796361446380615
1.3817088603973389
1.375087022781372
1.4188365936279297
1.301555871963501
1.3236308097839355
1.2744967937469482
1.4725992679595947
1.3386640548706055
1.6316237449645996
1.280604362487793
1.2785487174987793
1.3366382122039795
1.3823661804199219
1.3639309406280518
1.2915410995483398
1.326169729232788
1.3621845245361328
1.303961992263794
1.3941826820373535
1.4921276569366455
1.4368956089019775
1.863785743713379
1.2466928958892822
1.2853665351867676
1.3436875343322754
1.3617067337036133
1.5350885391235352
1.6163091659545898
1.0208637714385986
1.3715760707855225
1.3625116348266602
1.723607063293457
1.2915854454040527
1.2553906440734863
1.4177289009094238
1.3475923538208008
1.2996981143951416
1.321075201034546
1.2000987529754639
1.6790258884429932
1.3780348300933838
1.3571557998657227
1.3993027210235596
1.393700122833252
1.1964364051818848
1.393249750137329
1.0959198474884033
1.5460913181304932
1.4375789165496826
1.3159894943237305
1.3056011199951172
1.3830478191375732
1.3879015445709229
1.3998970985412598
1.319833755493164
1.2712864875793457
1.65718412399292
1.3098349571228027
1.3648478984832764
1.6810932159423828
1.3825948238372803
1.4504461288452148
1.541214942932129
1.5913352966308594
1.436896800994873
1.377323865890503
1.659210443496704
1.376185417175293
1.4527616500854492
1.3377797603607178
1.2922492027282715
1.2969422340393066
1.2587347030639648
1.4309852123260498
1.420154333114624
1.5228328704833984
1.3393456935882568
1.3365421295166016
1.384998083114624
1.6520230770111084
1.4394237995147705
1.2137188911437988
1.2556045055389404
1.4183359146118164
1.4880328178405762
1.1959033012390137
1.5848662853240967
1.6383230686187744
1.6995501518249512
1.2419536113739014
1.6748006343841553
1.5397825241088867
1.359208106994629
1.341078519821167
1.2804713249206543
1.3354318141937256
1.382777452468872
1.4270269870758057
1.4012646675109863
1.2462708950042725
1.3153231143951416
1.2965774536132812
1.4723186492919922
1.560584306716919
1.4358036518096924
1.3197643756866455
1.381441593170166
1.617687463760376
1.338331937789917
1.3080568313598633
1.2980148792266846
1.373669147491455
1.3484179973602295
1.0801658630371094
1.381345510482788
1.3184294700622559
1.7639343738555908
1.3233938217163086
1.49517822265625
1.3468027114868164
1.361090898513794
1.4835636615753174
1.3531014919281006
1.2635269165039062
1.3386216163635254
1.3660073280334473
1.5550544261932373
1.3217928409576416
1.3733232021331787
1.3788702487945557
1.2657437324523926
1.689490556716919
1.454374074935913
1.5147900581359863
1.400036334991455
1.2962303161621094
1.6777217388153076
1.4148499965667725
1.338184118270874
1.3931303024291992
1.4158134460449219
1.5051820278167725
1.4655256271362305
1.6567935943603516
1.5741753578186035
1.3486347198486328
1.303178310394287
1.1726746559143066
1.3387603759765625
1.2814280986785889
1.3936183452606201
1.2990617752075195
1.435378074645996
1.8062107563018799
1.0612125396728516
1.282179594039917
1.61271071434021
1.663433313369751
1.3159615993499756
1.9718143939971924
1.278120756149292
1.3194732666015625
1.3775782585144043
1.3937714099884033
1.4119384288787842
1.5740458965301514
1.244352102279663
1.352834701538086
1.366156816482544
1.2601118087768555
1.3675684928894043
1.3571066856384277
1.3391027450561523
1.3440968990325928
1.3406283855438232
1.3160417079925537
1.5036139488220215
1.2708203792572021
1.356450080871582
1.3003556728363037
1.3384549617767334
1.6586499214172363
1.3395452499389648
1.3396177291870117
1.298168420791626
1.4380135536193848
1.35689115524292
1.3643457889556885
1.342538595199585
1.5236315727233887
1.6791331768035889
1.0866117477416992
1.2945332527160645
1.2998712062835693
1.352858304977417
1.3646390438079834
2.141491651535034
1.3227691650390625
1.4156277179718018
1.455613136291504
1.361119031906128
1.3371493816375732
1.7600460052490234
1.6805458068847656
1.10103178024292
1.2202608585357666
1.3221189975738525
1.4016618728637695
1.3602893352508545
1.4036915302276611
1.2787930965423584
1.3183321952819824
1.4559996128082275
1.461022138595581
1.2793023586273193
1.3575308322906494
1.2787110805511475
1.3426265716552734
1.2791483402252197
1.6187999248504639
1.6185624599456787
1.3235323429107666
1.3433265686035156
1.4209787845611572
1.3261692523956299
1.3630986213684082
1.3537721633911133
1.5093004703521729
1.3032679557800293
1.3184969425201416
1.3831145763397217
1.4477324485778809
1.2789123058319092
1.3601891994476318
1.618964672088623
1.343775987625122
1.3937187194824219
1.4209294319152832
1.355036973953247
1.346022605895996
1.4160552024841309
1.315596342086792
1.2943201065063477
1.3467440605163574
1.4473159313201904
1.7199680805206299
1.3353793621063232
1.7219974994659424
1.3504204750061035
1.340404987335205
1.3992955684661865
1.7056474685668945
1.5378518104553223
1.7241573333740234
1.3199052810668945
1.4525878429412842
1.2552199363708496
1.2756667137145996
1.315575122833252
1.288956880569458
1.6167902946472168
1.3757824897766113
1.4352033138275146
1.3178396224975586
1.6394877433776855
1.371368646621704
1.8998301029205322
1.6813440322875977
1.7414772510528564
1.5090463161468506
1.42972993850708
1.338073968887329
1.4868721961975098
1.369368076324463
1.7042131423950195
1.268906593322754
1.34993577003479
1.3402471542358398
1.5655345916748047
1.3689601421356201
1.4268386363983154
1.7216439247131348
1.4768791198730469
1.4466114044189453
1.0860753059387207
1.383340835571289
1.3329908847808838
1.3244872093200684
1.3364434242248535
1.336655616760254
1.8678884506225586
1.315706729888916
1.4384589195251465
1.395136833190918
1.3777680397033691
1.4814960956573486
1.345144271850586
1.2007925510406494
1.3296175003051758
1.6244170665740967
1.338716983795166
1.3001890182495117
1.6581943035125732
1.316171407699585
1.4418294429779053
1.28397798538208
1.5035901069641113
1.346041202545166
1.320296049118042
1.5430283546447754
1.6195476055145264
1.719635248184204
1.3936998844146729
1.5787043571472168
1.2456872463226318
1.297560453414917
1.341106653213501
1.3343923091888428
1.3780169486999512
1.3018710613250732
1.4359447956085205
1.2782363891601562
1.4530763626098633
1.2580807209014893
1.514535665512085
1.4452025890350342
1.352179765701294
1.398695945739746
1.7290000915527344
1.45066237449646
1.563455581665039
1.2404131889343262
1.313384771347046
1.3207478523254395
1.3172812461853027
1.2988109588623047
1.456169843673706
1.478389024734497
1.4271469116210938
1.4873335361480713
1.6189968585968018
1.083484172821045
1.318206787109375
1.378643274307251
1.672964096069336
1.40901517868042
1.325380802154541
1.3826429843902588
1.3827290534973145
1.3757092952728271
1.2797598838806152
1.4585072994232178
1.419166088104248
2.19840145111084
1.214324951171875
1.3934276103973389
1.2820396423339844
1.799703598022461
1.449364423751831
1.4528639316558838
1.2993998527526855
1.3621420860290527
1.4712309837341309
1.448350429534912
1.4258770942687988
1.4571855068206787
1.5373082160949707
1.3624162673950195
1.2851471900939941
1.3168258666992188
1.6291749477386475
1.3946239948272705
1.6701042652130127
1.2411589622497559
1.611203670501709
1.3806431293487549
1.3550269603729248
1.3468496799468994
1.403104305267334
1.407073736190796
1.5838696956634521
1.3502185344696045
1.344076156616211
1.302018165588379
1.319753646850586
1.2600395679473877
1.2573719024658203
1.3789746761322021
1.702310562133789
1.4538662433624268
1.322620153427124
1.2603168487548828
1.6812279224395752
1.4960856437683105
1.2811439037322998
1.263657569885254
1.3177497386932373
1.3054924011230469
1.902092456817627
1.6698641777038574
1.3380062580108643
1.0525658130645752
1.3647994995117188
1.3202273845672607
1.8072431087493896
1.415184497833252
1.6628620624542236
1.3713319301605225
1.4794855117797852
1.810143232345581
1.1198201179504395
1.3913710117340088
1.2772939205169678
1.3408989906311035
1.3150134086608887
1.324514627456665
1.3365063667297363
1.2240393161773682
1.3074429035186768
1.2030704021453857
1.2842087745666504
1.3792266845703125
1.3357467651367188
1.3910212516784668
1.203871250152588
1.333176851272583
1.3767411708831787
1.4115149974822998
1.308858871459961
1.466381549835205
1.527437686920166
1.5735790729522705
1.2952632904052734
1.3197481632232666
1.360269546508789
1.1228485107421875
1.3421356678009033
1.2934105396270752
1.4502696990966797
1.3088574409484863
1.2737207412719727
1.2785096168518066
1.5211479663848877
1.2973296642303467
1.4390721321105957
1.3955719470977783
1.401082992553711
1.3651676177978516
1.6439342498779297
1.4217026233673096
1.321312665939331
1.3472485542297363
2.1337573528289795
1.2794933319091797
1.3653082847595215
1.6164891719818115
1.0230357646942139
1.4634263515472412
1.500006914138794
1.375546932220459
1.493494987487793
1.2211015224456787
1.4821805953979492
1.2582030296325684
1.5913426876068115
1.2982418537139893
1.6137239933013916
1.3777344226837158
1.4366302490234375
1.3366429805755615
1.254882574081421
1.320345163345337
1.365006446838379
1.6428358554840088
1.5210373401641846
1.3972432613372803
1.6473619937896729
1.3043491840362549
1.3388023376464844
1.5967960357666016
1.6905710697174072
1.6572532653808594
1.355496883392334
1.3150544166564941
1.2979466915130615
1.319737434387207
1.3674814701080322
1.322831392288208
1.5497829914093018
1.6544063091278076
1.3448786735534668
1.5850021839141846
1.2807445526123047
1.2813596725463867
1.337228536605835
1.29695725440979
1.3850226402282715
1.3393287658691406
1.3416969776153564
1.3437716960906982
1.3179352283477783
1.3649427890777588
1.3325896263122559
1.3009963035583496
1.6364951133728027
1.375032901763916
1.3920698165893555
1.4056458473205566
1.722179889678955
1.696603775024414
1.3758692741394043
1.2570924758911133
1.084383487701416
1.7605767250061035
1.323439359664917
1.6376559734344482
1.6049375534057617
1.3792235851287842
1.5647337436676025
1.6758863925933838
1.3401994705200195
1.391697883605957
1.2897465229034424
1.487586259841919
1.301189661026001
1.1846446990966797
1.349536418914795
1.354144811630249
1.395500898361206
1.3124830722808838
1.709428310394287
1.299372911453247
1.7204513549804688
1.6142332553863525
1.3795671463012695
1.4556455612182617
1.3319830894470215
1.5369317531585693
1.3571105003356934
1.4936177730560303
1.3213613033294678
1.325918436050415
1.3164761066436768
1.2959561347961426
1.3983736038208008
1.3939850330352783
1.3768696784973145
1.1397273540496826
1.4760596752166748
1.3863811492919922
1.4105465412139893
1.335754156112671
1.3174269199371338
1.4010584354400635
1.6122703552246094
1.297579050064087
1.317979335784912
1.6442992687225342
1.330404281616211
1.235748291015625
1.393017292022705
1.0596320629119873
1.42924165725708
1.3624229431152344
1.5701510906219482
1.354217290878296
1.3103725910186768
1.4026856422424316
1.378828525543213
1.7253756523132324
1.3996012210845947
1.378387689590454
1.2713303565979004
1.3778150081634521
1.1471984386444092
1.3600764274597168
1.4631969928741455
1.4356927871704102
1.2964158058166504
1.6376938819885254
1.2591981887817383
1.9876763820648193
1.3741545677185059
1.6631217002868652
1.399312973022461
1.2068159580230713
1.8654835224151611
1.6721055507659912
1.5433104038238525
1.314394474029541
1.5129530429840088
1.341973066329956
1.7003998756408691
1.3755755424499512
1.8555409908294678
1.3612737655639648
1.3926842212677002
1.3370120525360107
1.399355173110962
1.254957914352417
1.4176671504974365
1.2809913158416748
1.3408668041229248
1.2775909900665283
1.3181862831115723
1.3366563320159912
1.539764165878296
1.7114367485046387
1.6972994804382324
1.2203457355499268
1.6921532154083252
1.3385231494903564
1.6314492225646973
1.669008493423462
1.322890043258667
1.3599953651428223
1.5973782539367676
1.3601555824279785
1.415910243988037
1.908857822418213
1.4197077751159668
1.410560131072998
1.3391103744506836
1.3143033981323242
1.358325719833374
1.4695112705230713
1.6742758750915527
1.3390321731567383
1.5990228652954102
1.115922212600708
1.2615375518798828
1.5192761421203613
1.3384413719177246
1.3364393711090088
1.675121545791626
1.8105578422546387
1.3452420234680176
1.3441848754882812
1.6147010326385498
1.341428279876709
1.3122930526733398
1.704087495803833
1.3799328804016113
1.7159135341644287
1.2864782810211182
1.5181398391723633
1.3428258895874023
1.3918256759643555
1.3343799114227295
1.4123635292053223
1.3814992904663086
1.2635924816131592
1.3118584156036377
1.2628567218780518
1.3559041023254395
1.5392818450927734
1.620114803314209
1.6047325134277344
1.3263280391693115
1.4193556308746338
1.3360848426818848
1.4185676574707031
1.4061238765716553
1.3632168769836426
1.3986952304840088
1.322598934173584
1.296433687210083
1.4898695945739746
1.4154865741729736
1.3785908222198486
1.681598424911499
1.6796462535858154
1.3855531215667725
1.7232024669647217
1.4380483627319336
1.2914950847625732
1.284693717956543
1.6430017948150635
1.4027884006500244
1.6169283390045166
1.8113820552825928
1.3582565784454346
1.5826208591461182
1.2767066955566406
1.5365023612976074
1.1215901374816895
1.313269853591919
1.2747673988342285
1.3408420085906982
1.2217471599578857
1.444002389907837
1.2886111736297607
1.398010492324829
1.400956153869629
1.342134714126587
1.4847686290740967
1.3366389274597168
1.242328405380249
1.6902389526367188
1.7207908630371094
1.400374174118042
1.7363736629486084
1.3439512252807617
1.9292523860931396
1.3235819339752197
1.3401532173156738
1.712982177734375
1.2222917079925537
1.631317138671875
1.7634248733520508
1.1994857788085938
1.3199317455291748
1.3384323120117188
1.1727018356323242
1.315488338470459
1.329941749572754
1.3953242301940918
1.683439016342163
1.4770262241363525
1.2934904098510742
1.3501269817352295
1.6709527969360352
1.29850172996521
1.3399157524108887
1.3658933639526367
1.2751681804656982
1.414092779159546
1.3880140781402588
1.253044843673706
1.3425374031066895
1.3396830558776855
1.2931644916534424
1.5022268295288086
1.3210227489471436
1.3311002254486084
1.7297945022583008
1.6181025505065918
1.3569791316986084
1.3452422618865967
1.4033207893371582
1.2893445491790771
1.3011558055877686
1.609395980834961
1.5999774932861328
1.3430125713348389
1.2997469902038574
1.3447120189666748
1.2427239418029785
1.6516015529632568
1.3958325386047363
1.6990885734558105
1.3013195991516113
1.2051968574523926
1.359807014465332
1.6954951286315918
1.4222190380096436
1.4007670879364014
1.2560272216796875
1.693272590637207
1.311178207397461
1.263580560684204
1.411421537399292
1.3318700790405273
1.4156317710876465
1.2393975257873535
1.4219510555267334
1.8329155445098877
1.2516353130340576
1.4248063564300537
1.2956013679504395
1.297396183013916
1.2994272708892822
1.286210298538208
1.4923913478851318
1.3207652568817139
1.3135275840759277
1.3787004947662354
1.299257755279541
1.3005194664001465
1.418363332748413
1.3309345245361328
1.3140413761138916
1.2738642692565918
1.9693043231964111
1.323833703994751
1.8951261043548584
1.3322272300720215
1.9267539978027344
1.4291138648986816
1.2570750713348389
1.3025462627410889
1.3542797565460205
1.4633724689483643
1.5953986644744873
1.3707993030548096
1.6653554439544678
1.3561897277832031
1.3843042850494385
1.464653730392456
1.353191614151001
1.5959854125976562
1.412198543548584
1.3924169540405273
1.2814223766326904
1.3976531028747559
1.3008911609649658
1.3996613025665283
1.641200304031372
1.3162965774536133
1.2571825981140137
1.5986871719360352
1.3379957675933838
1.6578218936920166
1.336047887802124
1.3162188529968262
1.3101389408111572
1.301764965057373
1.394331693649292
1.3341169357299805
1.6779284477233887
1.378157377243042
1.6624341011047363
1.2977511882781982
1.3777830600738525
1.277338981628418
1.2965943813323975
1.1200907230377197
1.2632198333740234
1.3161826133728027
1.4005956649780273
1.3313183784484863
1.3198013305664062
1.4206879138946533
1.572498083114624
1.7586419582366943
1.3753941059112549
1.4053761959075928
1.6915678977966309
1.2843928337097168
1.398148775100708
1.3044838905334473
1.318248987197876
1.342463493347168
1.2156431674957275
1.633836269378662
1.3324716091156006
1.2975618839263916
1.3608174324035645
1.7960262298583984
1.7197482585906982
1.3586020469665527
1.3826532363891602
1.2643890380859375
1.3333714008331299
1.4387550354003906
1.317878007888794
1.3974628448486328
1.6238117218017578
1.3796870708465576
1.1802029609680176
1.3664767742156982
1.7530403137207031
1.692488193511963
1.305616855621338
1.3566529750823975
1.3820648193359375
1.2906298637390137
1.3559808731079102
1.6255505084991455
1.2948048114776611
1.6596522331237793
1.6569530963897705
1.903869390487671
1.4010875225067139
2.058566093444824
1.2786386013031006
1.3945281505584717
1.6708288192749023
1.6429016590118408
1.7193434238433838
1.5163695812225342
1.305504560470581
1.6396660804748535
1.2848620414733887
1.4439938068389893
1.360588788986206
1.6341452598571777
1.3416783809661865
1.351496934890747
1.5766634941101074
1.6792302131652832
1.360905647277832
1.4193553924560547
1.3814351558685303
1.4677402973175049
1.3955399990081787
1.4128344058990479
1.278071403503418
1.3624870777130127
1.7814931869506836
1.316115140914917
1.2951242923736572
1.1208891868591309
1.3817172050476074
1.3349757194519043
1.4652588367462158
1.4440784454345703
1.3329176902770996
1.2822597026824951
1.399693489074707
1.720604419708252
1.2415711879730225
1.337296724319458
1.5551095008850098
1.3540797233581543
1.5014655590057373
1.2358324527740479
1.2614147663116455
1.429530143737793
1.3028454780578613
1.3196516036987305
1.3941915035247803
1.9975833892822266
1.3223938941955566
1.6722145080566406
1.259265661239624
1.4652974605560303
1.2386388778686523
1.1050448417663574
1.3579893112182617
1.2951576709747314
1.479301929473877
1.2734413146972656
1.358161211013794
1.3803555965423584
1.4148459434509277
1.6125359535217285
1.3133392333984375
1.3231298923492432
1.4212234020233154
1.7116870880126953
1.2210171222686768
1.430281162261963
1.3220651149749756
1.6051080226898193
1.2875497341156006
1.3761858940124512
1.313953161239624
1.3899025917053223
1.3177306652069092
1.4168083667755127
1.316838026046753
1.1551437377929688
1.3562440872192383
1.2914719581604004
1.926262378692627
1.2613575458526611
1.3328890800476074
1.275310754776001
1.3477041721343994
1.3368980884552002
1.7262442111968994
1.391373634338379
1.6930899620056152
1.474971055984497
1.3373267650604248
1.5615055561065674
1.2831313610076904
1.349489688873291
1.358942985534668
1.382570743560791
1.375234603881836
1.4746062755584717
1.2720763683319092
1.3977856636047363
1.2827987670898438
1.378145694732666
1.3432893753051758
1.3996467590332031
1.3358845710754395
1.3223631381988525
1.7570810317993164
1.383664846420288
1.2544550895690918
1.7087337970733643
1.6210050582885742
1.3196759223937988
1.460340976715088
1.3176548480987549
1.3582043647766113
1.3199567794799805
1.5806024074554443
1.2852725982666016
1.3949997425079346
1.3817832469940186
1.2602782249450684
1.3229711055755615
1.361586570739746
1.4569318294525146
1.726058006286621
1.3259565830230713
1.3444764614105225
1.300438642501831
1.1136703491210938
1.2998466491699219
1.4201281070709229
1.2950084209442139
1.138105869293213
1.6789968013763428
1.4357354640960693
1.682422161102295
1.5205602645874023
1.2799711227416992
1.6920154094696045
1.6136126518249512
1.3209633827209473
1.8012723922729492
1.3109159469604492
1.3616597652435303
1.6046316623687744
1.354006052017212
1.3589980602264404
1.5929665565490723
1.5037710666656494
1.3392627239227295
1.7182307243347168
1.9358315467834473
1.3402824401855469
1.338571310043335
1.2770872116088867
1.6341171264648438
1.637507438659668
1.392749547958374
1.3213391304016113
1.3237614631652832
1.3854291439056396
1.1566758155822754
1.479856252670288
1.370985507965088
1.4399662017822266
1.6701562404632568
1.3367161750793457
1.2947745323181152
1.5800323486328125
1.2751669883728027
1.7531437873840332
1.3526530265808105
1.3078901767730713
1.3330848217010498
1.3129642009735107
1.3791601657867432
1.7198936939239502
1.1698927879333496
1.3376100063323975
1.6390600204467773
1.359175682067871
1.6592521667480469
1.43338942527771
1.6000046730041504
1.3350794315338135
1.3448410034179688
1.3779630661010742
1.2617762088775635
1.2910361289978027
1.2412712574005127
1.4103407859802246
1.2961771488189697
1.2849786281585693
1.4272527694702148
1.4001386165618896
1.683229923248291
1.384925365447998
1.6825659275054932
1.382761001586914
1.6288933753967285
1.3524127006530762
1.4725041389465332
1.6405718326568604
1.3142914772033691
1.3151040077209473
1.3381214141845703
