1.021026372909546
0.9393787384033203
0.8951883316040039
1.0626482963562012
1.1487500667572021
1.1115353107452393
1.1486537456512451
1.0423369407653809
1.0503597259521484
1.0825066566467285
1.1131219863891602
1.0808637142181396
1.0916948318481445
0.8793239593505859
0.8424155712127686
1.2613286972045898
0.8649046421051025
0.9058263301849365
1.7778279781341553
0.8704450130462646
1.2762150764465332
0.910836935043335
1.3163418769836426
0.858452320098877
0.8958749771118164
0.8871068954467773
0.8230555057525635
0.8627340793609619
1.1206095218658447
1.233665943145752
1.1122887134552002
1.550933599472046
1.2622506618499756
0.8539221286773682
0.7583441734313965
1.2661223411560059
1.230165958404541
1.2883946895599365
1.0544707775115967
0.8583319187164307
1.1597540378570557
0.9638528823852539
0.9135720729827881
1.2561697959899902
0.9603404998779297
1.8592569828033447
0.9794209003448486
0.8796203136444092
1.4203317165374756
0.8738305568695068
0.9172146320343018
1.2504324913024902
0.8422524929046631
0.8672327995300293
0.8857583999633789
1.3371143341064453
0.8830258846282959
1.2181005477905273
0.8066620826721191
0.9071478843688965
0.9123289585113525
0.8643307685852051
1.428119421005249
0.8545277118682861
0.8591783046722412
0.906135082244873
1.0790181159973145
0.8648562431335449
0.8427906036376953
1.4558663368225098
0.8552372455596924
1.228513479232788
1.1045308113098145
1.5286037921905518
1.394150733947754
0.9075431823730469
1.2116355895996094
1.1350162029266357
1.042762041091919
0.873152494430542
1.425750970840454
0.9229753017425537
1.3593506813049316
1.2655479907989502
0.8425626754760742
0.8932054042816162
0.946387529373169
1.117898941040039
0.9267611503601074
0.8482286930084229
0.9093978404998779
0.9139139652252197
1.0113022327423096
0.8858132362365723
0.8215346336364746
0.9575040340423584
1.3053491115570068
1.0573899745941162
1.2822532653808594
0.9169526100158691
0.8340897560119629
0.8321125507354736
1.193636417388916
1.3128111362457275
0.7772693634033203
0.9078860282897949
1.4296281337738037
0.9533767700195312
1.4066410064697266
1.2688276767730713
0.8775789737701416
0.8505599498748779
1.2295541763305664
1.090083122253418
0.9837591648101807
0.9266366958618164
1.035475254058838
0.8863255977630615
0.9031970500946045
0.9139909744262695
0.9370720386505127
0.9230959415435791
0.8580038547515869
0.7491436004638672
1.5200588703155518
0.8710999488830566
0.8655543327331543
0.9427070617675781
1.2017056941986084
0.9168460369110107
0.8736679553985596
0.883434534072876
0.8566489219665527
1.5347716808319092
0.8458716869354248
0.911346435546875
0.815579891204834
1.260702133178711
0.9783241748809814
0.8611483573913574
0.898914098739624
1.0437898635864258
1.5393149852752686
0.7835662364959717
0.9009132385253906
1.850628137588501
0.9019176959991455
1.0872609615325928
0.9934277534484863
1.0332436561584473
1.166957139968872
1.1566050052642822
0.9478309154510498
1.2497074604034424
1.21099853515625
0.906855583190918
1.3086037635803223
0.9322044849395752
0.8818647861480713
0.9296164512634277
0.9387450218200684
0.8880314826965332
0.9299309253692627
0.9732565879821777
0.9322676658630371
1.1124095916748047
1.212785005569458
0.8539626598358154
1.619279146194458
0.8750038146972656
0.9011414051055908
1.3875257968902588
1.281346321105957
0.8335437774658203
1.0735294818878174
0.8146073818206787
0.8706910610198975
0.8971471786499023
0.9130678176879883
1.3079323768615723
0.9389946460723877
1.3544402122497559
0.9231750965118408
0.7809696197509766
0.8778843879699707
0.85567307472229
1.0586740970611572
0.8585805892944336
1.0738484859466553
0.8301043510437012
0.9199879169464111
0.8727211952209473
0.8207681179046631
0.9053645133972168
0.9883508682250977
1.2119040489196777
1.2858672142028809
1.5023963451385498
1.0336027145385742
0.8688795566558838
0.9017074108123779
0.830327033996582
0.8513708114624023
0.8494160175323486
1.1817171573638916
0.967362642288208
1.2571520805358887
0.8280978202819824
0.7991166114807129
1.13071870803833
0.8666982650756836
0.8077876567840576
0.8979098796844482
1.0121803283691406
0.8763337135314941
0.9021849632263184
1.561457633972168
0.8756155967712402
0.909048318862915
0.9823453426361084
0.8987653255462646
1.014594316482544
0.9510006904602051
1.4373176097869873
0.845404863357544
0.8699724674224854
0.8448224067687988
0.9070875644683838
1.1874077320098877
0.8290250301361084
1.030609369277954
0.892148494720459
0.8601367473602295
0.7586679458618164
0.9033224582672119
0.8827357292175293
1.100219964981079
1.1635980606079102
0.9619028568267822
0.8913695812225342
0.8750004768371582
1.069784164428711
0.8837363719940186
1.0136051177978516
0.9952988624572754
0.9010672569274902
0.8299031257629395
0.8697798252105713
1.2989089488983154
0.8576741218566895
0.9500806331634521
1.4063692092895508
0.8778207302093506
1.0234735012054443
0.8263118267059326
0.7616269588470459
0.9369354248046875
0.9921846389770508
1.3602769374847412
1.3684329986572266
1.397796869277954
1.0656051635742188
0.8696513175964355
0.9571952819824219
0.8626022338867188
0.8755545616149902
0.9302327632904053
0.9660890102386475
1.2175023555755615
1.021632432937622
0.9661655426025391
1.3767545223236084
0.8576829433441162
0.877983570098877
0.8999350070953369
0.8777618408203125
0.9883947372436523
0.9825294017791748
1.0626070499420166
0.834998369216919
1.058027982711792
0.9310252666473389
0.9012134075164795
0.9478681087493896
0.8702630996704102
0.9684348106384277
0.8571171760559082
0.8467905521392822
0.850128173828125
0.8641221523284912
0.8044373989105225
1.3653740882873535
0.8385717868804932
1.0497925281524658
0.8470799922943115
0.9058475494384766
0.8644368648529053
0.8779721260070801
0.910020112991333
0.8662872314453125
1.3350861072540283
1.047783374786377
0.9070613384246826
0.7950420379638672
0.8522007465362549
0.9017136096954346
0.8766763210296631
0.864112377166748
0.8179841041564941
0.8641786575317383
0.8403716087341309
0.8217597007751465
0.8866956233978271
1.4395861625671387
0.9801070690155029
0.8711330890655518
0.9033129215240479
0.9688987731933594
0.8947291374206543
0.9909186363220215
0.7982025146484375
0.9095394611358643
1.1278021335601807
0.9363348484039307
0.8939738273620605
0.8006274700164795
0.8831868171691895
1.018249750137329
0.8609600067138672
0.930842399597168
0.8495421409606934
0.8931889533996582
1.1228361129760742
0.9220874309539795
0.9377458095550537
1.6190824508666992
0.8646163940429688
0.8638577461242676
0.8591248989105225
0.8361756801605225
0.9377920627593994
0.9126136302947998
1.0910358428955078
0.9975435733795166
0.8674149513244629
1.0567023754119873
0.9238035678863525
0.7737984657287598
0.8572499752044678
1.1287813186645508
0.8991584777832031
0.834136962890625
1.6829712390899658
0.9089040756225586
0.8633937835693359
0.8483214378356934
0.8464560508728027
0.8540780544281006
0.8443467617034912
0.7724215984344482
0.8778338432312012
0.88043212890625
0.8519570827484131
1.0813853740692139
1.150376558303833
0.8420655727386475
0.8470234870910645
1.3583767414093018
1.0187978744506836
0.8680212497711182
1.1252467632293701
0.8194930553436279
0.8973758220672607
0.9200553894042969
1.5013377666473389
0.8347103595733643
0.8915984630584717
1.0299384593963623
1.3771824836730957
0.87386155128479
1.3877580165863037
0.8517699241638184
0.9075143337249756
2.0618960857391357
0.8998579978942871
0.8863446712493896
1.0709221363067627
0.9172265529632568
0.933081865310669
0.8274533748626709
0.8678197860717773
1.0365376472473145
0.831493616104126
1.0763821601867676
1.3980324268341064
0.90997314453125
1.2853176593780518
0.9925224781036377
1.2276289463043213
1.0854198932647705
1.4514739513397217
0.91933274269104
1.16741943359375
0.8723626136779785
0.9915721416473389
0.8839004039764404
0.8165531158447266
0.8217415809631348
1.5706596374511719
0.8121743202209473
1.2078216075897217
0.9857556819915771
0.8822171688079834
0.887831449508667
0.8091926574707031
0.9115946292877197
0.8784792423248291
0.9185218811035156
1.2365169525146484
0.9863235950469971
1.067866563796997
0.9077551364898682
0.9286987781524658
1.0332472324371338
0.8625097274780273
1.4248433113098145
1.0569703578948975
0.841928243637085
0.8297014236450195
0.8826322555541992
1.026775598526001
0.9158995151519775
1.2798702716827393
1.0374786853790283
0.8235483169555664
1.3627099990844727
1.4642910957336426
0.8897988796234131
0.8792495727539062
0.9303219318389893
0.8669137954711914
1.0971784591674805
0.8773188591003418
0.8638763427734375
0.8706316947937012
1.2239971160888672
0.9395289421081543
0.9063239097595215
0.8754787445068359
0.8078014850616455
0.8493235111236572
0.9918186664581299
0.8838765621185303
0.9218964576721191
0.8735291957855225
1.1350154876708984
0.8875734806060791
0.8795289993286133
1.0212125778198242
0.9018173217773438
0.8707094192504883
1.341587781906128
0.8220069408416748
0.9630377292633057
1.0842435359954834
0.8977310657501221
0.9377048015594482
0.8785338401794434
0.8099124431610107
0.8500473499298096
1.526989459991455
0.9345493316650391
0.850184440612793
0.9022705554962158
0.9159073829650879
0.8625338077545166
1.283264398574829
0.8807263374328613
1.4210023880004883
0.800755500793457
0.8497371673583984
1.0989656448364258
0.8737950325012207
0.894261360168457
0.8919241428375244
0.9275808334350586
0.9664583206176758
0.8622856140136719
1.3369967937469482
0.865379810333252
0.8994882106781006
0.8661425113677979
1.2477078437805176
0.8687279224395752
0.8687930107116699
0.8682723045349121
0.9039335250854492
0.8851344585418701
0.7813918590545654
0.9143264293670654
1.6783201694488525
1.0282492637634277
0.8940558433532715
0.8923795223236084
0.9081110954284668
1.6409807205200195
0.9972195625305176
0.9060637950897217
0.8602735996246338
0.7618210315704346
0.8812971115112305
1.3554511070251465
0.9959089756011963
0.8566741943359375
0.8883941173553467
1.131072998046875
1.1607637405395508
0.8232316970825195
1.7899315357208252
1.0045971870422363
1.052323579788208
0.8737771511077881
0.834434986114502
0.8819684982299805
0.8487162590026855
0.8246557712554932
1.0554025173187256
0.8073520660400391
0.8550570011138916
0.9528224468231201
0.8012118339538574
0.9794366359710693
0.8894932270050049
0.8221399784088135
0.8344335556030273
0.8688209056854248
0.8200860023498535
0.8595724105834961
1.5896813869476318
1.0554563999176025
0.8427066802978516
0.875293493270874
0.8180258274078369
1.0189487934112549
1.1864147186279297
0.8422377109527588
0.955791711807251
1.0229430198669434
0.7818536758422852
1.0966463088989258
1.384526014328003
0.9517776966094971
1.1438062191009521
0.9020838737487793
0.9821505546569824
0.9576635360717773
0.9209034442901611
0.894890308380127
1.1112546920776367
0.8967502117156982
0.7969372272491455
0.7894034385681152
0.964616060256958
0.9045765399932861
0.8500642776489258
1.0479142665863037
0.8575100898742676
1.1322979927062988
0.8447105884552002
1.7125451564788818
1.070502519607544
0.9501991271972656
1.0776455402374268
1.0260698795318604
0.8330111503601074
0.9249036312103271
0.8581547737121582
0.925548791885376
0.9073967933654785
0.8910210132598877
1.0271031856536865
0.8266599178314209
0.8694663047790527
0.9722745418548584
0.8315281867980957
1.636038064956665
0.9122123718261719
1.0231451988220215
0.8929393291473389
1.0658996105194092
0.8745913505554199
0.8018786907196045
0.9005627632141113
0.8441681861877441
0.9847292900085449
1.392164945602417
1.0671501159667969
0.8615479469299316
1.0592358112335205
0.9538230895996094
0.8389012813568115
0.984891414642334
0.7804737091064453
0.7948305606842041
0.8221445083618164
0.9013125896453857
0.9375143051147461
0.9661209583282471
1.0716497898101807
0.8569762706756592
0.9584147930145264
0.8772644996643066
0.9319417476654053
0.8418514728546143
0.9378349781036377
0.9125263690948486
0.8606293201446533
0.969172477722168
0.8936359882354736
0.8987469673156738
1.009955644607544
0.8994038105010986
0.8956408500671387
0.8603906631469727
0.880380392074585
0.778306245803833
0.7978341579437256
0.8606083393096924
0.9117064476013184
0.8861174583435059
0.8740804195404053
0.9101207256317139
1.0428123474121094
0.8536171913146973
0.890507698059082
1.0704023838043213
0.8798923492431641
1.3783657550811768
0.8722336292266846
0.9107935428619385
0.8399665355682373
1.1278233528137207
0.9471108913421631
0.9643075466156006
1.0469720363616943
0.9064280986785889
0.8524887561798096
0.9625837802886963
0.8089590072631836
0.9227192401885986
0.7781648635864258
1.0809314250946045
0.8697378635406494
0.9471452236175537
0.9552385807037354
0.8610501289367676
1.1422393321990967
0.9001955986022949
0.977325439453125
0.8584623336791992
0.8271744251251221
0.9820883274078369
0.8622031211853027
0.9137129783630371
1.1699774265289307
0.9457986354827881
0.9970145225524902
0.8516330718994141
0.9330465793609619
0.9274640083312988
0.9214715957641602
0.905698299407959
1.0434298515319824
0.8638045787811279
1.7613167762756348
0.8913142681121826
0.864739179611206
0.8485827445983887
0.9565494060516357
0.9804012775421143
1.076249361038208
0.9404451847076416
1.354107141494751
0.7915735244750977
1.0548057556152344
1.6238181591033936
0.8993830680847168
1.3605101108551025
0.7994484901428223
0.9178867340087891
0.8733773231506348
0.9128177165985107
0.9243712425231934
0.8943333625793457
0.9117171764373779
0.9045944213867188
0.927170991897583
0.9553282260894775
1.0188703536987305
0.866520881652832
0.9904334545135498
0.8666307926177979
0.8799149990081787
0.8678603172302246
0.9523365497589111
0.9546453952789307
1.1877801418304443
0.9824965000152588
1.0516700744628906
0.8842830657958984
1.2107713222503662
0.8525421619415283
1.0225377082824707
0.869288444519043
0.8507990837097168
0.9061541557312012
0.856367826461792
0.9121701717376709
1.18001389503479
0.7677507400512695
0.9374802112579346
0.945519208908081
1.0262887477874756
0.8647150993347168
1.082998275756836
1.030834436416626
1.5572254657745361
1.054908275604248
0.826786994934082
0.8558976650238037
1.0418918132781982
0.8640425205230713
0.8744163513183594
0.8865008354187012
0.8476974964141846
0.9113733768463135
1.1395847797393799
0.8973212242126465
2.150141477584839
0.8149371147155762
0.8279354572296143
0.9325168132781982
0.8794760704040527
0.9244425296783447
0.773350715637207
1.2975168228149414
0.9616875648498535
0.9208018779754639
0.9557363986968994
1.7074332237243652
0.9198436737060547
0.980104923248291
0.8423023223876953
0.9778335094451904
1.9590070247650146
0.8373551368713379
0.9310810565948486
0.8509294986724854
0.9413390159606934
0.8275229930877686
0.8935103416442871
0.9818742275238037
1.085902452468872
1.5939648151397705
1.0448353290557861
0.9309501647949219
0.8435189723968506
0.8582544326782227
1.0996003150939941
1.0308539867401123
1.459958553314209
0.9852361679077148
1.061239242553711
0.8219928741455078
0.9593403339385986
0.897820234298706
0.9187021255493164
0.9015860557556152
0.8641347885131836
0.8537378311157227
0.9399936199188232
0.872281551361084
0.998133659362793
0.8767855167388916
0.8815197944641113
1.0366227626800537
1.3064792156219482
0.7767660617828369
1.5644817352294922
1.037405014038086
0.9029927253723145
0.8683328628540039
0.8108549118041992
0.9115710258483887
0.9070525169372559
0.8929712772369385
0.8043551445007324
0.8667080402374268
1.0795252323150635
0.8191478252410889
0.831493616104126
1.0948724746704102
0.9071941375732422
1.3750808238983154
0.8755133152008057
0.8913347721099854
0.8640456199645996
1.0280084609985352
1.1827731132507324
0.9503943920135498
0.9857559204101562
0.8698375225067139
0.8566110134124756
1.3042011260986328
0.95530104637146
0.8408434391021729
1.0018398761749268
0.7600307464599609
0.8464665412902832
0.8873929977416992
1.0035183429718018
0.9074704647064209
0.8518164157867432
1.1527936458587646
1.015329122543335
0.9186916351318359
1.3200087547302246
1.1885497570037842
0.8849349021911621
0.8599545955657959
1.363306999206543
0.8670248985290527
0.8724930286407471
0.9580707550048828
0.9929134845733643
0.8168349266052246
0.8160874843597412
0.953035831451416
1.2210853099822998
0.8276653289794922
0.939194917678833
0.9673335552215576
0.8938636779785156
0.8920631408691406
1.03057861328125
0.8077678680419922
1.3977196216583252
0.8299477100372314
0.9667911529541016
1.1534779071807861
1.0284080505371094
0.75750732421875
0.8603658676147461
0.8749628067016602
0.7456591129302979
1.006481647491455
1.0632610321044922
0.8368391990661621
0.8796746730804443
0.8634471893310547
0.8925104141235352
1.3866839408874512
0.888089656829834
0.9792695045471191
0.8369014263153076
0.8985540866851807
0.9987804889678955
1.0215182304382324
0.8955450057983398
1.6046061515808105
1.0855684280395508
0.8993768692016602
0.8812458515167236
0.8625016212463379
0.8982224464416504
0.8818814754486084
0.8691558837890625
0.983799934387207
0.8639771938323975
0.8540802001953125
0.8522281646728516
0.9248440265655518
0.9067254066467285
0.907073974609375
1.1921536922454834
1.166677713394165
1.1918935775756836
1.9672470092773438
0.9114959239959717
1.0089507102966309
0.8766632080078125
0.8643476963043213
0.8628287315368652
0.837367057800293
0.810089111328125
0.8628437519073486
0.8693127632141113
0.8458676338195801
0.956986665725708
0.9048008918762207
0.9301998615264893
0.852522611618042
1.0347626209259033
1.5061161518096924
0.8751163482666016
1.4495582580566406
1.0114738941192627
0.9651374816894531
0.9789707660675049
0.9222867488861084
0.9028761386871338
0.878258466720581
1.315032958984375
0.892564058303833
1.1481120586395264
0.8539888858795166
0.9273357391357422
0.8849654197692871
0.8404107093811035
0.9651451110839844
1.0158112049102783
1.0124866962432861
0.8480360507965088
0.8663241863250732
0.960582971572876
0.9582436084747314
0.9134213924407959
0.8654704093933105
0.7734243869781494
0.858335018157959
0.9080078601837158
1.0723254680633545
0.8268337249755859
0.9370346069335938
0.9351062774658203
1.39113187789917
0.8219783306121826
0.9231705665588379
0.8692865371704102
0.8493618965148926
0.8269810676574707
0.804807186126709
1.3711810111999512
0.8793096542358398
0.8055505752563477
0.9866595268249512
0.9956316947937012
0.8892965316772461
0.8594608306884766
1.1384665966033936
1.0630133152008057
0.9279148578643799
0.8605833053588867
0.9785540103912354
0.9001791477203369
0.9249553680419922
0.8508024215698242
0.877617359161377
1.4034349918365479
0.9084491729736328
0.922069787979126
1.0495641231536865
0.9178049564361572
1.1349756717681885
0.8886873722076416
1.5737543106079102
0.8753223419189453
0.8527417182922363
1.0970377922058105
0.7759518623352051
0.9207553863525391
1.9572689533233643
1.0671401023864746
0.8895144462585449
0.9063758850097656
0.879737138748169
0.8915040493011475
0.8491470813751221
0.8072249889373779
0.8676419258117676
0.8575243949890137
0.9239420890808105
0.8927195072174072
0.9841010570526123
0.8854560852050781
0.8769314289093018
0.8725006580352783
0.9307341575622559
0.8260431289672852
0.8898651599884033
1.5002222061157227
0.8135166168212891
0.8575761318206787
1.7040181159973145
0.9049580097198486
0.8208317756652832
0.8563580513000488
0.837890625
1.3416247367858887
0.9066505432128906
0.8633458614349365
0.8786976337432861
0.8616814613342285
0.9290707111358643
0.8895323276519775
0.9254980087280273
0.8768048286437988
1.0094678401947021
1.0128920078277588
0.8791821002960205
1.031172513961792
0.8632893562316895
0.8756694793701172
0.9407296180725098
0.8671844005584717
1.4197945594787598
1.0637109279632568
1.038055658340454
0.934431791305542
0.8833885192871094
1.7726719379425049
0.9059810638427734
0.8179504871368408
0.898169755935669
1.0025489330291748
0.8456976413726807
0.9351897239685059
0.9312734603881836
1.3646354675292969
0.8437521457672119
1.328850507736206
0.9137008190155029
0.9615018367767334
0.906397819519043
0.9572858810424805
0.8151912689208984
0.8695230484008789
0.8980958461761475
0.9314022064208984
0.9977729320526123
0.9007167816162109
0.8397178649902344
0.862633466720581
0.8697443008422852
0.9560215473175049
0.7439770698547363
0.8562982082366943
0.9197955131530762
0.7856836318969727
1.0361907482147217
0.8679928779602051
0.8262293338775635
0.830247163772583
0.9343898296356201
0.8579936027526855
0.9025669097900391
1.202620506286621
0.9545269012451172
0.8333683013916016
0.9664926528930664
0.9581289291381836
0.8522145748138428
0.9627566337585449
0.8852038383483887
0.8314390182495117
0.9616920948028564
0.9090032577514648
0.8540937900543213
1.467576026916504
0.9032402038574219
0.8611948490142822
1.0217924118041992
1.1635570526123047
0.8622779846191406
0.9786376953125
0.9698214530944824
0.8697116374969482
0.8649940490722656
0.9345815181732178
0.9976198673248291
0.8364682197570801
0.89322829246521
0.9128081798553467
0.9674437046051025
0.8812038898468018
1.0384798049926758
0.9134089946746826
0.854426383972168
1.0912606716156006
0.8269693851470947
0.9075226783752441
0.922921895980835
0.9850683212280273
0.9488186836242676
0.8761270046234131
1.03802490234375
0.9017491340637207
0.867224931716919
0.9072978496551514
0.8092901706695557
0.8532731533050537
0.9202120304107666
0.9170897006988525
0.9348964691162109
0.8460040092468262
0.9354357719421387
0.8422775268554688
1.1526761054992676
0.8614802360534668
0.8537061214447021
0.8814499378204346
0.7381134033203125
0.8181295394897461
0.8274085521697998
0.947152853012085
0.8069283962249756
0.9225890636444092
0.8877317905426025
1.4003551006317139
1.3712432384490967
0.9115207195281982
0.884685754776001
1.188619613647461
1.220923662185669
0.8764612674713135
1.0697247982025146
0.9177219867706299
0.8249950408935547
2.4372498989105225
0.8209514617919922
0.8577752113342285
1.0148403644561768
1.0427336692810059
0.9231157302856445
0.8286991119384766
0.8431015014648438
1.0611348152160645
1.0320398807525635
1.0311753749847412
0.8254344463348389
0.9481232166290283
1.4100494384765625
3.116574287414551
0.8191001415252686
0.8553886413574219
0.8869791030883789
0.9619448184967041
0.8522031307220459
0.9037833213806152
0.8545143604278564
0.8454742431640625
1.0892250537872314
0.8715991973876953
1.069467306137085
1.0277416706085205
0.765864372253418
0.8551650047302246
0.8770945072174072
0.8283488750457764
0.8742432594299316
0.7704617977142334
0.8580701351165771
0.8524360656738281
0.8728249073028564
1.1091485023498535
0.8738832473754883
0.8462269306182861
0.993074893951416
0.8780941963195801
0.9478979110717773
1.1074888706207275
0.7721173763275146
1.254014492034912
0.8438446521759033
0.9049248695373535
0.8342320919036865
0.855741024017334
0.9020724296569824
0.8816869258880615
0.9731900691986084
0.7881748676300049
0.8904595375061035
0.8553156852722168
0.8924257755279541
0.925541877746582
0.921438455581665
0.8985373973846436
0.9311208724975586
1.1918468475341797
1.069819688796997
0.9477906227111816
0.9749636650085449
0.8990130424499512
0.8751780986785889
0.9024777412414551
0.8470447063446045
0.8403220176696777
0.9511902332305908
0.856224775314331
0.8523046970367432
1.5794639587402344
0.9718101024627686
1.5523638725280762
1.0284559726715088
0.8407502174377441
0.8653745651245117
0.7598080635070801
1.0063202381134033
1.0102505683898926
0.8571431636810303
2.2404932975769043
0.8409404754638672
0.9562766551971436
0.9310166835784912
0.865443229675293
0.7988674640655518
1.0147767066955566
0.8802592754364014
0.9458637237548828
0.8520064353942871
0.9751365184783936
0.8827331066131592
0.8997788429260254
0.8497200012207031
0.8553063869476318
0.8339707851409912
0.9616978168487549
1.0203638076782227
0.8873956203460693
0.9598479270935059
1.099898338317871
0.8663597106933594
1.0365161895751953
0.9330117702484131
0.9557571411132812
0.9492185115814209
0.8268327713012695
0.8959193229675293
0.8613245487213135
1.080216884613037
1.0569572448730469
0.869837760925293
1.0299098491668701
0.915935754776001
0.8138043880462646
0.8387641906738281
0.8802425861358643
1.047992467880249
1.0653555393218994
0.8899729251861572
0.8965075016021729
0.9469420909881592
0.9636805057525635
1.0680062770843506
0.8302066326141357
0.8200862407684326
0.9135611057281494
0.8840627670288086
0.8407816886901855
0.8495907783508301
0.8831701278686523
0.9053423404693604
0.8579671382904053
0.8388843536376953
0.9670114517211914
0.8490829467773438
0.8457744121551514
0.8852379322052002
0.8783648014068604
0.8566412925720215
1.0367214679718018
0.902630090713501
0.9250164031982422
1.0113284587860107
0.9160184860229492
0.9074461460113525
1.0756566524505615
0.8556318283081055
0.9313473701477051
0.9249224662780762
0.9098708629608154
1.0580222606658936
0.8435406684875488
1.155813455581665
0.8573603630065918
0.9637503623962402
0.9087879657745361
0.9122583866119385
1.0276634693145752
0.8765847682952881
0.8209412097930908
1.2595024108886719
1.007540225982666
0.8456730842590332
0.9646885395050049
0.8184189796447754
1.4965686798095703
0.9249320030212402
1.0539638996124268
0.9193556308746338
0.892951250076294
0.8320426940917969
0.8756065368652344
0.8527979850769043
0.9577810764312744
0.9391250610351562
0.8726184368133545
0.8948581218719482
0.8560447692871094
1.0701982975006104
0.8407044410705566
0.8158423900604248
1.0672938823699951
0.8820838928222656
0.8715825080871582
0.9124982357025146
0.9910540580749512
1.2935760021209717
0.8930213451385498
0.9532644748687744
0.9593219757080078
0.8556442260742188
0.877129077911377
0.805919885635376
1.0235369205474854
1.5490977764129639
0.9079334735870361
0.8619749546051025
1.0364034175872803
0.7767140865325928
0.9026248455047607
0.886711597442627
0.8771796226501465
0.8777384757995605
0.8328084945678711
0.8812942504882812
0.8522932529449463
1.0960891246795654
1.2236862182617188
1.173173427581787
0.881026029586792
1.1211004257202148
1.1930937767028809
0.7525589466094971
0.9031689167022705
0.7546498775482178
0.851743221282959
0.9228067398071289
0.9832634925842285
0.7800230979919434
0.8386843204498291
0.8548533916473389
0.8292584419250488
1.4174325466156006
0.8225359916687012
0.8122358322143555
0.8708529472351074
0.8924715518951416
0.8662137985229492
0.8574507236480713
0.8903145790100098
0.8544206619262695
0.9310603141784668
1.09989333152771
0.8709087371826172
0.8739745616912842
0.8780627250671387
0.948967456817627
1.8911142349243164
0.8741681575775146
0.8901066780090332
0.7965848445892334
0.9044017791748047
1.6155359745025635
2.8071348667144775
0.7817637920379639
1.0031895637512207
1.113651990890503
0.8847663402557373
0.8517453670501709
0.9568676948547363
0.8708620071411133
0.8359205722808838
1.0534532070159912
0.8945121765136719
0.8404021263122559
0.8717741966247559
0.8651723861694336
0.8758385181427002
0.9045042991638184
0.891416072845459
0.8586206436157227
1.2788002490997314
1.1222941875457764
0.8391177654266357
0.8654420375823975
1.3275022506713867
0.976360559463501
0.9077961444854736
0.9334080219268799
0.8788459300994873
0.9437570571899414
1.0233678817749023
0.8821136951446533
0.9116578102111816
0.9387574195861816
0.993685245513916
0.9937386512756348
1.0751981735229492
1.0812675952911377
0.9969115257263184
1.0148952007293701
1.3621890544891357
0.9340286254882812
0.9249711036682129
0.822852611541748
0.8820326328277588
0.8488755226135254
0.9230372905731201
0.8900983333587646
0.8827619552612305
0.9036843776702881
0.904548168182373
0.8906631469726562
0.8306450843811035
0.8804497718811035
1.3687705993652344
1.0515880584716797
1.2864134311676025
1.035630226135254
1.0023279190063477
0.9082465171813965
1.0990607738494873
0.957223653793335
0.8990168571472168
0.85992431640625
1.3820750713348389
0.8657007217407227
0.9651107788085938
0.9011921882629395
0.9506378173828125
0.938936710357666
1.2557902336120605
0.8519458770751953
0.8826289176940918
0.882159948348999
0.8620314598083496
1.0291190147399902
0.7982349395751953
0.8483221530914307
0.9320650100708008
0.7652580738067627
0.9986283779144287
1.0764117240905762
0.9306395053863525
2.3666536808013916
0.9207122325897217
0.9076061248779297
0.8652136325836182
0.8726046085357666
0.8573689460754395
0.8480613231658936
0.8795511722564697
0.869009256362915
0.8456745147705078
0.8428869247436523
1.0406138896942139
1.0023577213287354
0.8579919338226318
0.7767975330352783
0.8080849647521973
0.8900220394134521
0.9255363941192627
0.8876569271087646
0.9582443237304688
0.8029530048370361
0.8869888782501221
1.075744390487671
0.8878180980682373
0.8499836921691895
0.9137816429138184
0.8499910831451416
0.8813421726226807
0.8717849254608154
0.8868627548217773
0.9170835018157959
0.98909592628479
0.901599645614624
0.8773481845855713
0.9296731948852539
0.9978482723236084
0.8839852809906006
0.9400947093963623
0.9099621772766113
0.9835665225982666
0.8731539249420166
0.8663573265075684
0.7681217193603516
1.220651388168335
0.8884141445159912
0.8985815048217773
0.8842473030090332
0.8145203590393066
0.9277374744415283
0.9034864902496338
1.0846116542816162
0.8782944679260254
0.7391819953918457
0.7524282932281494
0.955294132232666
0.846766471862793
0.86478590965271
0.8683507442474365
0.8840987682342529
0.95127272605896
1.2274563312530518
1.002668857574463
0.9223787784576416
0.9942905902862549
0.9439008235931396
0.9110772609710693
0.8751978874206543
0.8437604904174805
1.477081060409546
1.1587629318237305
0.8962533473968506
0.8451378345489502
0.8862278461456299
0.8423430919647217
0.8369576930999756
0.8641364574432373
0.821286678314209
0.856083869934082
0.783550500869751
0.9953863620758057
0.8304955959320068
0.8010079860687256
0.9413783550262451
0.905419111251831
0.7822363376617432
0.8460581302642822
0.8285908699035645
1.1861629486083984
0.918931245803833
0.9251296520233154
0.929908037185669
0.8754234313964844
0.8078656196594238
0.8858623504638672
0.860548734664917
1.3417987823486328
1.3082327842712402
0.9134194850921631
0.9060506820678711
0.8644042015075684
0.9708347320556641
0.8724350929260254
0.9735426902770996
0.8955948352813721
0.8646888732910156
0.7902941703796387
0.8586626052856445
0.9438307285308838
1.0391128063201904
1.0177059173583984
1.087660312652588
0.7379038333892822
0.9495093822479248
0.8635528087615967
0.861361026763916
0.8760712146759033
0.9559011459350586
0.9571125507354736
1.3318569660186768
0.9088172912597656
0.9500617980957031
0.8840382099151611
0.9456765651702881
1.0636656284332275
0.9363646507263184
0.8859913349151611
0.8366410732269287
0.8810007572174072
1.1357882022857666
1.2910444736480713
0.822047233581543
0.8882391452789307
1.062828779220581
0.9063982963562012
0.9097483158111572
0.9128797054290771
1.2276008129119873
0.8700904846191406
0.8527965545654297
0.8362905979156494
0.829094409942627
0.917283296585083
0.9520359039306641
0.8300797939300537
0.8623263835906982
0.9415228366851807
0.9989199638366699
1.0416395664215088
1.0635578632354736
0.8689885139465332
0.8393745422363281
0.9030570983886719
0.9268693923950195
0.8369252681732178
0.9794480800628662
1.6911828517913818
0.8564915657043457
0.832080602645874
0.9303619861602783
0.9270288944244385
0.8582897186279297
0.8950948715209961
0.8662338256835938
0.8972930908203125
0.851599931716919
0.859053373336792
1.0591325759887695
0.8869857788085938
1.2928745746612549
1.0807552337646484
0.8680355548858643
0.8332281112670898
0.8286905288696289
0.8749239444732666
0.9169104099273682
0.890399694442749
0.9922065734863281
0.8692607879638672
0.886589527130127
1.0934579372406006
0.9441790580749512
1.0054819583892822
0.9191546440124512
0.8021588325500488
0.8467493057250977
0.8666872978210449
0.9226522445678711
0.982079029083252
0.8760073184967041
0.8390471935272217
1.163123369216919
1.0242984294891357
0.8419837951660156
1.3445894718170166
0.8912553787231445
0.789442777633667
1.0650548934936523
1.0073206424713135
1.2004430294036865
0.8694565296173096
0.9617502689361572
0.8806512355804443
1.1625325679779053
0.9855289459228516
0.902742862701416
0.8493494987487793
0.8941531181335449
1.080949306488037
0.8783376216888428
0.8937704563140869
0.9482977390289307
0.9456102848052979
0.8767790794372559
1.0686540603637695
0.8938066959381104
1.2774527072906494
1.0704829692840576
1.0544297695159912
0.952765941619873
1.0936248302459717
0.9050028324127197
0.9443626403808594
1.0446417331695557
0.9086775779724121
0.8697121143341064
0.9066314697265625
0.8248121738433838
0.8321535587310791
1.0858983993530273
1.0081689357757568
1.1072545051574707
0.93556809425354
0.8994457721710205
0.9716694355010986
1.098146915435791
1.3646488189697266
0.8364465236663818
0.8846161365509033
0.8786153793334961
1.0682117938995361
0.8659238815307617
0.7577414512634277
0.9053285121917725
1.0051465034484863
0.7751848697662354
0.789745569229126
0.740717887878418
1.0256578922271729
0.799262285232544
1.0063607692718506
1.0464270114898682
0.8845243453979492
1.0454707145690918
0.8825504779815674
1.0081090927124023
0.9887118339538574
0.887854814529419
0.8465611934661865
0.8866629600524902
1.1178231239318848
0.8574490547180176
0.8923799991607666
0.9410593509674072
0.8745112419128418
0.8853588104248047
1.0108375549316406
1.359619379043579
1.6160967350006104
0.796328067779541
0.9279518127441406
1.1103222370147705
0.8952662944793701
0.8509788513183594
0.8642199039459229
1.5828979015350342
0.8630800247192383
0.844524621963501
0.9884850978851318
0.7995076179504395
0.9354259967803955
0.8397197723388672
0.9103233814239502
0.9133057594299316
0.8467490673065186
0.9778029918670654
0.8314266204833984
0.9651491641998291
0.898637056350708
0.9006743431091309
0.965456485748291
0.8800911903381348
0.9463109970092773
0.9675381183624268
0.904059648513794
0.8687870502471924
0.7919368743896484
0.9078512191772461
0.9065351486206055
0.830409049987793
0.796931266784668
1.0672533512115479
0.8464725017547607
0.8360722064971924
0.8407838344573975
1.2311031818389893
0.8902900218963623
0.903541088104248
0.864058256149292
1.0096681118011475
0.8460273742675781
1.6578435897827148
0.9406647682189941
0.9629616737365723
0.9769935607910156
0.8134236335754395
0.9104635715484619
0.9432461261749268
0.8614249229431152
0.8925657272338867
0.9253313541412354
0.8456707000732422
1.0686671733856201
0.9120512008666992
0.9089202880859375
0.9011948108673096
1.0482416152954102
0.8514413833618164
0.8969395160675049
0.8874790668487549
0.952949047088623
1.108149528503418
1.0864777565002441
0.8620266914367676
0.8332147598266602
0.8732407093048096
0.8612873554229736
1.0156707763671875
0.8652153015136719
0.9699046611785889
0.8646707534790039
0.8427720069885254
0.8689470291137695
0.9126832485198975
0.9035418033599854
0.9285709857940674
0.8769333362579346
0.851081132888794
0.8958616256713867
1.306838035583496
0.9103131294250488
1.0134494304656982
0.8553788661956787
0.8720557689666748
0.8765697479248047
0.8839471340179443
0.8555765151977539
0.8178513050079346
0.962071418762207
0.8686020374298096
0.84261155128479
0.9162423610687256
0.929689884185791
0.8735980987548828
0.9908678531646729
0.8960616588592529
0.893852949142456
0.9360713958740234
0.8854794502258301
0.9460175037384033
1.3359661102294922
1.0459239482879639
1.143460988998413
0.9205322265625
0.8746776580810547
1.4548428058624268
0.8572797775268555
1.5432090759277344
0.8730077743530273
0.9420146942138672
0.8617291450500488
0.9975476264953613
1.0859582424163818
0.9854235649108887
0.8323726654052734
0.8622972965240479
0.8765735626220703
0.8892066478729248
1.0740487575531006
0.8540394306182861
0.9100198745727539
0.8350353240966797
1.080488681793213
0.9514131546020508
0.8113226890563965
0.8969988822937012
0.9545779228210449
0.9364056587219238
1.0201530456542969
0.9128022193908691
1.4067251682281494
0.8858745098114014
0.8664286136627197
0.9122774600982666
0.8561410903930664
0.957756519317627
0.9419760704040527
0.9539859294891357
0.863760232925415
0.8879044055938721
0.9835577011108398
0.8782503604888916
0.8580663204193115
0.991178035736084
0.9474270343780518
1.0055887699127197
0.9836511611938477
0.8309669494628906
0.852447509765625
0.8667912483215332
0.9454777240753174
1.5121710300445557
0.9215409755706787
0.8085548877716064
0.8108398914337158
0.8645377159118652
0.8470826148986816
0.8244528770446777
0.8533051013946533
0.8719229698181152
0.9247233867645264
0.9717934131622314
0.9361095428466797
0.9897475242614746
0.9077699184417725
0.8644158840179443
0.919297456741333
0.8347344398498535
0.8574838638305664
0.7549850940704346
0.8435544967651367
0.7817845344543457
2.011570930480957
0.9171674251556396
0.8964958190917969
1.0012521743774414
0.8519318103790283
0.901278018951416
0.8593277931213379
0.8729565143585205
0.936262845993042
0.8428661823272705
0.7899365425109863
0.8794336318969727
0.8756155967712402
0.8972673416137695
0.870048999786377
0.8886094093322754
1.0157356262207031
0.8828587532043457
0.8637104034423828
1.0015497207641602
0.8653285503387451
0.9352877140045166
0.8820359706878662
0.8322675228118896
0.8770914077758789
0.8959245681762695
0.8525204658508301
0.9199860095977783
0.8888747692108154
0.906667947769165
0.8578286170959473
0.8621180057525635
1.2822964191436768
0.8525283336639404
0.867793083190918
0.890662670135498
0.8915872573852539
0.8882250785827637
0.9436969757080078
0.8911476135253906
0.9710638523101807
0.9069187641143799
0.8613870143890381
1.3501038551330566
0.91255784034729
1.0274326801300049
0.8058502674102783
1.1264944076538086
0.8941633701324463
0.782097339630127
0.8594841957092285
0.8766963481903076
0.8794398307800293
1.3241522312164307
0.8954567909240723
1.0706849098205566
0.9466085433959961
1.0464363098144531
0.8731307983398438
0.9867396354675293
1.0005977153778076
0.8945541381835938
0.8686881065368652
1.0986003875732422
0.8408410549163818
0.8865106105804443
0.8388166427612305
1.8076260089874268
0.8755567073822021
0.9852497577667236
0.8565037250518799
0.9615478515625
1.0446538925170898
0.7891216278076172
0.8725483417510986
1.122981309890747
1.0421931743621826
0.8670356273651123
0.8247504234313965
0.9452719688415527
0.8829734325408936
0.8425145149230957
0.7935075759887695
0.8627228736877441
1.343609094619751
0.9056394100189209
0.9984760284423828
0.8964271545410156
0.8625845909118652
0.8893513679504395
1.4238975048065186
0.8625743389129639
0.8383536338806152
0.8680026531219482
0.9179630279541016
0.899003267288208
0.8706789016723633
0.8182401657104492
0.9333095550537109
0.8579750061035156
0.9342138767242432
0.9078102111816406
0.8923454284667969
0.915597677230835
0.8405535221099854
0.8880016803741455
0.897381067276001
0.9983148574829102
0.8762845993041992
1.0126559734344482
0.9589745998382568
0.8547558784484863
0.9142298698425293
1.3345637321472168
0.8432972431182861
1.5828583240509033
0.8621482849121094
1.8630235195159912
0.8999567031860352
0.9970333576202393
1.2980079650878906
0.8728923797607422
0.888704776763916
1.0712807178497314
1.2190194129943848
0.8456721305847168
0.8453855514526367
1.0077037811279297
0.9029152393341064
0.8376562595367432
0.9453678131103516
0.8756046295166016
0.9256484508514404
0.8733439445495605
1.0420622825622559
1.3178844451904297
0.8819320201873779
1.3057198524475098
0.8583986759185791
0.9104790687561035
0.8309686183929443
1.045753002166748
1.062999963760376
0.8379237651824951
0.8526544570922852
0.9757289886474609
0.8179879188537598
0.8684022426605225
0.846503734588623
0.8661725521087646
0.9443881511688232
0.9007055759429932
0.9021289348602295
1.3450567722320557
0.9080097675323486
1.2069058418273926
0.8722429275512695
0.8582494258880615
0.8630750179290771
0.8569388389587402
0.8150436878204346
0.89727783203125
0.8741493225097656
0.9928073883056641
0.832195520401001
0.8680634498596191
0.9692237377166748
1.0329864025115967
0.9393327236175537
0.9435904026031494
0.972198486328125
0.9200084209442139
0.8718874454498291
1.0671322345733643
0.8691086769104004
0.8400890827178955
0.8649997711181641
1.5415234565734863
0.8314337730407715
0.8690197467803955
0.897998571395874
0.8890116214752197
0.8754539489746094
0.8928899765014648
0.8726317882537842
1.170485019683838
0.7375974655151367
0.8455700874328613
0.9342153072357178
0.8978846073150635
0.8336374759674072
0.921933650970459
0.8707132339477539
0.8956952095031738
0.8244838714599609
0.7985389232635498
0.9038619995117188
0.8397879600524902
0.9194490909576416
0.8788931369781494
0.8596413135528564
1.0049052238464355
0.8864250183105469
0.907656192779541
0.8555407524108887
0.9165997505187988
1.151395320892334
0.8482809066772461
1.2815325260162354
0.8063020706176758
0.8566458225250244
0.8509972095489502
0.8616666793823242
0.9997496604919434
0.8744852542877197
0.8581583499908447
0.8461260795593262
0.8440940380096436
0.9526078701019287
0.8475947380065918
0.803490161895752
0.8592169284820557
0.8996546268463135
0.8610720634460449
0.9363875389099121
0.867800235748291
0.8191816806793213
1.0481112003326416
0.8238174915313721
0.9033539295196533
1.420142412185669
0.9410157203674316
0.9143292903900146
0.8516232967376709
0.9565210342407227
0.8675847053527832
0.8558156490325928
1.2205839157104492
0.7845029830932617
0.979421854019165
1.7915964126586914
0.856407880783081
0.9599385261535645
1.2963542938232422
0.9355614185333252
0.8985862731933594
1.0430684089660645
0.9433541297912598
0.9342353343963623
0.8886086940765381
0.8896195888519287
1.363372564315796
1.3515183925628662
0.8729076385498047
0.8889272212982178
1.0319490432739258
1.031327486038208
0.8767037391662598
0.9214215278625488
0.8746600151062012
0.8138618469238281
0.9883952140808105
0.8020362854003906
0.9094631671905518
0.9234769344329834
0.8962643146514893
0.8867640495300293
1.1681628227233887
0.9030072689056396
1.0922415256500244
1.0062623023986816
0.8756697177886963
1.1725237369537354
0.8535871505737305
0.9405217170715332
1.049950122833252
0.8393650054931641
0.8436193466186523
0.8789710998535156
0.8794927597045898
0.9218418598175049
0.7984111309051514
0.856497049331665
0.911198616027832
0.8767385482788086
0.8871541023254395
0.8605434894561768
0.8207869529724121
1.0501294136047363
0.8756301403045654
1.0780460834503174
0.8917021751403809
0.9058024883270264
0.9547433853149414
1.0279085636138916
0.8624167442321777
0.8532528877258301
0.8548355102539062
0.9169447422027588
0.8334498405456543
0.8727469444274902
0.9804317951202393
0.9535932540893555
0.8828017711639404
0.8823337554931641
1.0184943675994873
0.8739883899688721
0.9296243190765381
1.2465603351593018
0.862518310546875
0.9970371723175049
0.8349316120147705
0.8748087882995605
0.8585870265960693
0.9284369945526123
0.8894684314727783
0.8763110637664795
0.8947012424468994
0.8672089576721191
0.906456470489502
1.0426685810089111
0.8770554065704346
0.9239299297332764
0.8468971252441406
1.3589296340942383
0.8582167625427246
0.8722579479217529
0.8708195686340332
0.819514274597168
0.8706567287445068
1.102055549621582
1.0582685470581055
1.463416337966919
0.9625961780548096
0.9637784957885742
0.8474178314208984
0.9288425445556641
0.9253325462341309
0.9797782897949219
0.9065876007080078
0.9077136516571045
0.8787977695465088
0.9685540199279785
1.0299768447875977
0.8326971530914307
1.0146708488464355
0.837296724319458
0.8464083671569824
0.9840269088745117
1.1984875202178955
0.8919014930725098
0.8163678646087646
0.8801441192626953
1.009082555770874
1.24094820022583
0.9030702114105225
0.9299957752227783
1.0703754425048828
0.8703756332397461
1.0096282958984375
0.8345279693603516
0.9495649337768555
0.84344482421875
0.9400331974029541
1.1247127056121826
1.1873915195465088
0.8472170829772949
0.9947068691253662
0.9631054401397705
0.9215571880340576
0.928839921951294
2.590958595275879
0.9371230602264404
0.8587250709533691
1.089714765548706
0.7529394626617432
0.898470401763916
1.0599842071533203
0.9677913188934326
0.8486847877502441
0.8992738723754883
0.9674034118652344
0.8903915882110596
0.8632967472076416
0.8807351589202881
1.2562828063964844
1.0168402194976807
0.8679599761962891
0.8673748970031738
0.9828896522521973
0.856835126876831
1.0373897552490234
0.8937928676605225
0.8936781883239746
0.8296599388122559
0.8221368789672852
0.9297604560852051
0.9303200244903564
0.8827822208404541
1.199474811553955
1.0922691822052002
0.9060344696044922
0.860384464263916
0.8882248401641846
0.837012529373169
0.8264644145965576
0.8876550197601318
0.888157844543457
1.0847532749176025
0.9459133148193359
1.0020251274108887
0.8664979934692383
0.7440629005432129
0.7552039623260498
1.0155270099639893
0.9313027858734131
0.9204483032226562
0.8636515140533447
0.982062816619873
0.8570220470428467
0.8829591274261475
0.9505536556243896
1.0187749862670898
0.9770679473876953
0.8302502632141113
0.9882524013519287
0.8895993232727051
0.9463469982147217
0.7748990058898926
0.9487814903259277
0.9033899307250977
1.0252223014831543
0.7840120792388916
0.8539767265319824
1.0630249977111816
0.8901889324188232
1.2034196853637695
0.8682065010070801
0.8994874954223633
0.8495261669158936
0.850184440612793
1.0755407810211182
0.8282699584960938
0.9314069747924805
0.8618083000183105
0.829047441482544
0.9573788642883301
0.8929293155670166
0.9155652523040771
0.8545799255371094
0.8802049160003662
1.0008649826049805
0.8279504776000977
0.9918453693389893
0.8538799285888672
1.4838688373565674
0.9050552845001221
0.9735915660858154
0.9890694618225098
0.8565723896026611
1.018552541732788
0.9009687900543213
0.9926457405090332
1.1296823024749756
0.8954455852508545
1.04779052734375
0.9100220203399658
1.0024311542510986
0.9292635917663574
1.0009069442749023
0.9464888572692871
1.6427574157714844
0.8696701526641846
0.890866756439209
1.1976892948150635
0.8957102298736572
0.8941857814788818
0.8884758949279785
0.9596390724182129
0.7900488376617432
1.2743093967437744
1.0178768634796143
1.0418405532836914
0.9403395652770996
0.8121626377105713
1.577498197555542
1.3816580772399902
1.050419807434082
0.8509876728057861
0.8346872329711914
1.0780134201049805
1.185448169708252
0.8607618808746338
1.02803635597229
0.9796288013458252
0.9594402313232422
0.8771092891693115
0.975388765335083
0.9520285129547119
0.8985061645507812
0.8838989734649658
0.8844997882843018
0.8644747734069824
0.8688180446624756
0.8505604267120361
0.9202582836151123
1.1094467639923096
0.9242458343505859
0.9139177799224854
1.0385816097259521
0.852067232131958
0.8409504890441895
0.8983180522918701
0.9113497734069824
0.8696897029876709
0.7963154315948486
0.8529562950134277
0.8579533100128174
0.8832862377166748
0.8630554676055908
0.8803832530975342
0.8484952449798584
0.8949558734893799
0.9420392513275146
0.8579239845275879
0.9691543579101562
0.8357393741607666
0.9541077613830566
1.067185401916504
1.6035265922546387
0.865393877029419
0.8611903190612793
0.8797221183776855
0.8669185638427734
0.8603768348693848
0.9340415000915527
0.8026454448699951
0.8767445087432861
1.0201117992401123
0.9734930992126465
0.874387264251709
1.211498737335205
0.8723092079162598
0.846304178237915
0.9041037559509277
0.8963432312011719
0.9719135761260986
0.895831823348999
0.9971225261688232
0.9154489040374756
0.8361859321594238
1.06064772605896
0.9879329204559326
0.9429776668548584
0.8659281730651855
0.910897970199585
1.0563044548034668
0.88686203956604
0.8598976135253906
