4.102269411087036
4.442028760910034
4.499862909317017
4.555024862289429
4.775697231292725
4.493954181671143
4.662769556045532
4.55812668800354
4.560328245162964
4.482115268707275
4.660096168518066
4.775472164154053
4.62065315246582
4.6216819286346436
4.457790851593018
4.464095115661621
4.540203809738159
4.379938125610352
4.656630992889404
4.020301818847656
4.856542110443115
4.639801979064941
4.565038204193115
4.679592847824097
5.179780721664429
4.444451093673706
4.240428686141968
4.639164209365845
4.771733283996582
4.221293210983276
4.676408529281616
4.216041326522827
4.262170076370239
4.580636501312256
4.181307792663574
4.6986305713653564
4.796642065048218
4.217000961303711
4.557093143463135
4.740468740463257
4.080082654953003
4.040814638137817
4.415732383728027
4.245787858963013
4.557647228240967
3.9998667240142822
4.898463487625122
4.237173080444336
3.97800350189209
4.198269844055176
4.499650001525879
4.059974431991577
4.376914739608765
4.051455020904541
3.9958386421203613
4.860189199447632
4.239713907241821
4.458621978759766
4.098917484283447
4.079819202423096
4.677424192428589
4.158666372299194
4.316689491271973
4.14046573638916
3.999413013458252
4.140098810195923
4.198328018188477
4.200112581253052
4.6241676807403564
4.195122241973877
4.278275728225708
4.197138547897339
4.21900486946106
4.019839286804199
4.378407001495361
4.078769683837891
4.140724182128906
3.9985716342926025
4.703018665313721
4.331677675247192
4.294057846069336
4.280574798583984
4.335236549377441
4.017324447631836
3.9574670791625977
4.242351770401001
4.05793833732605
4.039623737335205
4.000509023666382
4.1389241218566895
4.295195817947388
4.254070997238159
4.173858404159546
4.0211217403411865
4.239718914031982
4.1959662437438965
4.115870952606201
4.197081804275513
3.959947347640991
4.241351842880249
4.199519872665405
4.298434257507324
4.3176000118255615
4.0821757316589355
4.118555068969727
4.101578235626221
4.1026880741119385
4.2745585441589355
4.19956374168396
4.199172258377075
4.442418575286865
4.140292406082153
4.382245063781738
4.257728576660156
4.461124897003174
4.170437812805176
4.114989995956421
4.664501190185547
4.259932041168213
4.705779790878296
4.217112302780151
4.659003257751465
4.602102518081665
3.9798083305358887
4.299603223800659
4.123900890350342
4.037642478942871
4.039940118789673
4.739076137542725
4.15887188911438
4.732365608215332
4.236937999725342
4.22214674949646
3.8971614837646484
4.039930582046509
4.102193117141724
4.8344855308532715
4.13719916343689
4.19872522354126
3.942523241043091
4.441880941390991
4.019679069519043
3.961033344268799
4.261282682418823
4.096720218658447
4.181062459945679
4.182006120681763
4.053929328918457
4.045377731323242
4.17907977104187
4.197106122970581
4.01961612701416
4.740346193313599
4.638449668884277
4.218381404876709
4.155724763870239
4.446705102920532
4.815107107162476
4.675554990768433
4.84269118309021
4.295737266540527
5.019880056381226
4.121469259262085
3.9578161239624023
4.4411842823028564
4.179433345794678
4.101662635803223
4.614017963409424
4.2398505210876465
4.367905855178833
4.398938179016113
4.419267892837524
4.741328477859497
4.866112470626831
4.465739727020264
4.846999883651733
4.463924407958984
4.463819265365601
4.776310920715332
4.139858245849609
4.893157958984375
4.371910095214844
4.616973161697388
4.478323698043823
4.674204349517822
4.534944772720337
4.655186176300049
4.403807163238525
3.978832483291626
4.4953813552856445
4.562758207321167
4.501715421676636
5.0450758934021
4.560400485992432
4.1189141273498535
5.397508859634399
4.662775278091431
4.259793043136597
4.605615615844727
4.480876445770264
4.360893249511719
4.434947729110718
5.074197053909302
3.9995741844177246
4.71332311630249
4.823076963424683
5.18919825553894
5.0416460037231445
4.9131855964660645
4.71181058883667
4.524470090866089
4.401224136352539
3.9405062198638916
4.628560543060303
4.743071794509888
4.579534292221069
5.273344039916992
5.219654083251953
4.6847593784332275
4.49904727935791
5.211106300354004
3.8535406589508057
4.660883665084839
4.362279653549194
4.681784629821777
4.562458276748657
4.749206304550171
4.556491851806641
4.4417736530303955
4.500815153121948
3.980452299118042
4.456339597702026
4.460069417953491
4.606282711029053
4.76032280921936
4.628924131393433
4.466865539550781
4.623332262039185
4.493041038513184
4.560994863510132
4.347256422042847
4.782272100448608
4.658953666687012
4.695594787597656
4.06240701675415
4.6793224811553955
5.284428358078003
4.020336866378784
4.561898946762085
4.855195999145508
4.687169551849365
4.9644012451171875
4.590965986251831
4.819445848464966
4.439382791519165
4.793564319610596
4.619965076446533
4.425171852111816
4.742861986160278
3.9965343475341797
4.73256254196167
4.648219585418701
3.496574640274048
4.739747524261475
4.659699201583862
4.778635025024414
4.2404944896698
4.8105878829956055
4.896031618118286
5.233778476715088
4.894320011138916
4.602402210235596
4.240890979766846
4.755455493927002
4.486795902252197
4.585610866546631
4.808002710342407
4.470932722091675
4.759657382965088
5.135259389877319
4.57985258102417
5.099123001098633
3.9970180988311768
4.780050992965698
4.745684862136841
4.1811089515686035
4.568702459335327
4.557422161102295
4.595288038253784
3.921447992324829
5.376380681991577
4.7353503704071045
4.519344091415405
4.364441871643066
4.953754186630249
4.614883661270142
4.157557487487793
4.129735469818115
4.038617134094238
3.859858274459839
4.277505159378052
4.82107949256897
4.72177267074585
4.018282651901245
5.2475950717926025
4.563704013824463
5.392952919006348
4.079857110977173
4.620356321334839
4.716733455657959
4.2738776206970215
4.746682167053223
4.737258434295654
4.017006874084473
5.150996208190918
4.1196208000183105
4.541327714920044
4.569167375564575
3.959979772567749
4.596685409545898
4.715146064758301
4.1628618240356445
4.442093849182129
3.980081796646118
4.667944669723511
4.8353941440582275
4.982624053955078
5.041370153427124
3.321702241897583
4.099577188491821
4.2006447315216064
4.375540494918823
4.139671087265015
4.621738910675049
3.939835548400879
4.693683385848999
4.739770889282227
4.6866960525512695
4.459715843200684
4.501478433609009
4.744375467300415
6.361941576004028
4.578113555908203
4.685758829116821
4.921051979064941
4.077829360961914
4.5201427936553955
4.124751091003418
4.744992017745972
4.570207834243774
4.239093542098999
4.316942930221558
4.3590240478515625
4.440197229385376
4.4933226108551025
4.54164981842041
4.519448757171631
3.937894105911255
4.553534984588623
4.03863787651062
4.8944642543792725
4.859111309051514
3.5997912883758545
4.788630247116089
4.231856346130371
4.539758205413818
4.218858003616333
4.3516685962677
4.039897680282593
4.641785144805908
4.620172023773193
4.043034791946411
4.3999810218811035
4.460022449493408
4.670390844345093
4.576885461807251
4.0592100620269775
4.984129905700684
4.097737073898315
4.743668556213379
4.120238542556763
4.594416856765747
4.539885520935059
3.9396941661834717
4.538930416107178
4.480654716491699
4.927788972854614
4.5986268520355225
4.319698095321655
4.535457134246826
3.916005849838257
4.02592658996582
4.136622905731201
3.9585232734680176
4.965246200561523
4.50715446472168
4.767473220825195
4.0971152782440186
4.280767202377319
3.999635696411133
4.5202412605285645
4.295374631881714
4.538952589035034
4.075411319732666
4.635915279388428
4.855583667755127
4.697136402130127
4.848089218139648
4.937321662902832
4.139155387878418
3.9798262119293213
4.039650917053223
5.194777011871338
5.053265810012817
4.259601593017578
4.6598594188690186
4.539987325668335
4.537783861160278
4.504276752471924
4.958246946334839
4.843117713928223
4.25730299949646
3.9769866466522217
4.7547125816345215
4.362375497817993
4.560980796813965
4.891018629074097
4.401414632797241
5.085358381271362
4.783406972885132
3.9997146129608154
4.817089557647705
4.740175008773804
5.338819742202759
4.795319080352783
4.556791067123413
4.768898248672485
4.839568853378296
4.177143812179565
4.0996153354644775
4.598925828933716
4.914435386657715
4.9294304847717285
4.164096117019653
5.276151180267334
3.9991862773895264
4.520017385482788
4.237884759902954
4.836057901382446
4.661376714706421
3.560004711151123
4.735990762710571
4.715053558349609
4.418636322021484
4.060324668884277
3.935994863510132
4.741554021835327
4.117963075637817
4.059124231338501
4.439154148101807
3.9794983863830566
4.06210994720459
4.819816827774048
4.21476936340332
4.5961127281188965
4.5920515060424805
4.160994052886963
4.5254926681518555
4.9600279331207275
5.040833473205566
4.7527875900268555
4.715021133422852
4.154017925262451
4.077250719070435
4.23976731300354
4.459773540496826
3.9591972827911377
4.658431529998779
5.15959095954895
4.2001566886901855
4.079644441604614
4.626701354980469
4.553941249847412
4.119110584259033
4.06099796295166
4.655455112457275
4.217556953430176
4.172818422317505
4.576004505157471
4.039249420166016
4.059415102005005
4.476030349731445
4.958884239196777
4.161655426025391
4.403806209564209
4.133776903152466
4.732874155044556
4.216815710067749
4.799936294555664
3.280646562576294
4.941106081008911
4.217347145080566
3.936034679412842
4.217383623123169
4.035523414611816
4.055817127227783
4.019073247909546
4.16126561164856
4.477031707763672
4.121026515960693
5.01792311668396
4.484400272369385
4.082083225250244
4.440629720687866
4.16937255859375
4.359818935394287
3.91736102104187
4.132828235626221
3.996399164199829
4.6202356815338135
4.12016749382019
4.627436876296997
4.639676332473755
4.058842182159424
5.292372941970825
4.19760537147522
4.924170017242432
3.9772324562072754
4.556889533996582
4.216904163360596
4.646052122116089
5.116426706314087
5.17918586730957
4.279624938964844
4.278697729110718
4.511081695556641
4.137560606002808
4.609379053115845
4.197361469268799
4.58375358581543
4.240017652511597
4.217806816101074
4.993662118911743
3.994246482849121
4.159008026123047
4.178209543228149
4.078176975250244
4.953244924545288
4.08227276802063
4.278038740158081
4.487466335296631
4.967990159988403
4.762682914733887
4.019778490066528
4.824504375457764
3.9996392726898193
4.477126121520996
4.442816972732544
4.119786500930786
4.296588182449341
4.181429862976074
4.120434761047363
4.6886231899261475
4.333752393722534
4.74498176574707
4.418295860290527
4.220474720001221
4.059010744094849
4.001652479171753
4.236530542373657
4.972293376922607
4.277315616607666
4.0366222858428955
4.64127254486084
4.1988365650177
4.35609769821167
4.620299339294434
5.003197908401489
4.375917911529541
4.157052993774414
4.077396392822266
3.879589319229126
4.642127275466919
4.138098955154419
4.553851127624512
4.442020654678345
4.138842821121216
4.139750242233276
4.109354019165039
4.234253644943237
5.044589281082153
4.139943838119507
4.194910764694214
4.107785224914551
4.9215686321258545
4.658894062042236
4.016009092330933
4.671182870864868
4.119694948196411
4.103191614151001
4.216368913650513
4.680391550064087
4.7371931076049805
5.340277910232544
4.662156820297241
4.137383222579956
4.077767372131348
4.8470940589904785
5.0376036167144775
4.173988103866577
5.090375900268555
4.740176200866699
4.337517976760864
4.079193353652954
3.9596476554870605
4.88001012802124
4.6600306034088135
4.676934242248535
4.038647413253784
4.986151456832886
4.859111309051514
3.817333459854126
4.02033805847168
4.709776878356934
4.335412979125977
4.076574325561523
4.280244827270508
4.159281015396118
4.9658238887786865
3.9204838275909424
4.958094596862793
4.215778350830078
4.077695846557617
3.9941978454589844
4.69733738899231
4.516680955886841
4.837825536727905
4.884424924850464
4.197593927383423
4.057413339614868
4.075437068939209
4.681502103805542
4.015327215194702
4.199544191360474
4.178636789321899
4.081358194351196
3.9583308696746826
4.202062606811523
4.866373538970947
4.016720294952393
3.999737024307251
4.096653699874878
4.139646053314209
5.014719724655151
4.79148268699646
4.316628456115723
4.080024719238281
4.684432506561279
4.794164419174194
5.054809331893921
3.9375267028808594
5.272878885269165
4.096001625061035
4.014752626419067
4.637486219406128
4.804622650146484
4.797496318817139
4.078125238418579
4.379603862762451
4.138559818267822
4.7746641635894775
4.094027757644653
4.6861302852630615
4.578822612762451
4.155838966369629
4.780699729919434
4.261242389678955
4.10223650932312
4.017521858215332
4.14013671875
4.07912802696228
4.2774269580841064
4.495126724243164
5.274483680725098
3.943267822265625
4.826315641403198
4.302240610122681
4.019681692123413
3.9977781772613525
4.844680547714233
4.098755121231079
4.9592742919921875
4.617361545562744
4.220641851425171
4.783848762512207
4.923032760620117
4.763161659240723
4.319477558135986
4.6620566844940186
4.7607409954071045
4.218976020812988
4.6907124519348145
4.876829147338867
4.1215009689331055
4.32083535194397
4.218294620513916
4.239551067352295
4.13988471031189
4.95969295501709
4.74135160446167
4.29911732673645
4.239236116409302
4.58129096031189
4.617729902267456
4.259109973907471
4.725450038909912
4.852019548416138
4.037511348724365
3.9991087913513184
4.155152797698975
4.24112606048584
4.38303279876709
4.260718584060669
4.143516302108765
4.800774812698364
4.65952730178833
4.697372913360596
4.0777857303619385
4.220347881317139
4.176659107208252
4.296082019805908
4.076393127441406
4.679794788360596
4.313571214675903
4.6899402141571045
4.296895742416382
4.178900957107544
4.704268932342529
4.157339811325073
4.14051079750061
4.598422288894653
4.080376386642456
4.9058756828308105
4.19974946975708
4.07989239692688
4.892512559890747
4.7384352684021
4.8695008754730225
4.29741358757019
4.015974521636963
3.9279489517211914
4.544076681137085
4.459240436553955
4.498100519180298
4.5402467250823975
4.563077926635742
4.4958415031433105
4.014702796936035
5.191219329833984
4.778749942779541
4.841272830963135
4.034080266952515
4.114173889160156
4.042994260787964
4.090848684310913
4.024132251739502
4.2946858406066895
4.260887622833252
4.118032217025757
4.1575493812561035
4.457113265991211
4.176642417907715
4.040475368499756
4.234143495559692
4.460290908813477
4.078522682189941
4.000094890594482
4.476396799087524
4.359951972961426
4.66062068939209
4.402753591537476
4.079637050628662
4.158950567245483
4.177248001098633
4.378984689712524
4.843039274215698
4.057632923126221
4.022526979446411
3.9796905517578125
4.240221977233887
4.260238885879517
4.3936381340026855
4.200089693069458
4.420239686965942
4.401507616043091
4.6560351848602295
4.321281909942627
4.5185301303863525
4.497570991516113
3.5007100105285645
4.237801551818848
4.117361068725586
4.756074905395508
3.9186437129974365
4.05554986000061
3.8944778442382812
4.161510705947876
4.037787199020386
4.11774754524231
4.055977821350098
4.056525230407715
4.178990125656128
4.118532180786133
3.936798095703125
4.280134439468384
4.3372979164123535
4.134423017501831
4.022237300872803
4.1411778926849365
4.154670476913452
4.136534214019775
4.196171283721924
4.199212074279785
4.2771382331848145
4.359905242919922
4.556380271911621
4.225156784057617
4.159646511077881
4.263768672943115
4.156519174575806
4.07940149307251
4.689656496047974
3.9992411136627197
4.099941253662109
4.729450702667236
4.654641151428223
4.174108266830444
4.89028000831604
4.580298185348511
4.260439395904541
4.701339244842529
4.554762363433838
4.399195671081543
4.238953351974487
4.07583475112915
4.120628833770752
4.375176429748535
4.701395034790039
5.962164402008057
4.614780902862549
4.098772287368774
4.218611001968384
4.6222898960113525
4.535599946975708
4.134732007980347
4.019705533981323
4.099730730056763
4.27376914024353
4.103817701339722
4.815323352813721
4.4126200675964355
