3.315694808959961
3.1660373210906982
3.1483895778656006
2.9727773666381836
2.978449583053589
2.9978718757629395
3.0974550247192383
2.8782169818878174
2.7627737522125244
2.9992947578430176
2.9377403259277344
2.617515802383423
3.0190811157226562
2.8979954719543457
2.894577980041504
3.235630512237549
2.861586093902588
3.0984487533569336
3.001345634460449
2.8224191665649414
2.919353485107422
2.6359288692474365
2.996126174926758
3.022641181945801
3.0605521202087402
2.8402657508850098
2.8762388229370117
3.100691556930542
2.838773727416992
2.6163315773010254
2.9190497398376465
2.8994569778442383
2.965960741043091
2.838540554046631
2.858412504196167
2.919987440109253
2.9397048950195312
3.1394734382629395
2.7006094455718994
2.558789014816284
2.861443281173706
2.9417669773101807
2.773908853530884
3.1369576454162598
3.003131866455078
2.9396109580993652
2.8549492359161377
2.799651622772217
3.1795523166656494
2.8983893394470215
2.6565513610839844
2.8006796836853027
2.5793607234954834
2.874499797821045
2.4994850158691406
2.861409902572632
3.010262966156006
3.1197352409362793
3.0164191722869873
3.078284978866577
3.0154075622558594
2.337009906768799
2.9606781005859375
3.0193357467651367
2.9588167667388916
2.898434638977051
2.9229800701141357
3.118941307067871
3.039440870285034
2.9956209659576416
2.973958969116211
2.9336369037628174
3.0794074535369873
3.3523237705230713
2.8808181285858154
2.580024242401123
2.937747001647949
2.6600089073181152
2.8197853565216064
2.6997454166412354
2.936607599258423
2.940342664718628
2.9173173904418945
2.876493453979492
3.0948843955993652
2.8576197624206543
2.9385647773742676
2.7403852939605713
3.1043143272399902
2.6771857738494873
3.235781669616699
3.0375735759735107
3.3004443645477295
2.982813835144043
2.9794559478759766
2.895493984222412
2.9357922077178955
2.9769506454467773
2.9986064434051514
2.889615535736084
2.693547487258911
2.859431505203247
2.6370339393615723
3.413713216781616
2.756253480911255
2.9398772716522217
2.8617115020751953
2.7574141025543213
2.942087173461914
2.837480306625366
2.6988959312438965
3.1942038536071777
2.9325239658355713
3.1801819801330566
2.920062303543091
2.7797818183898926
2.879267454147339
2.437739849090576
3.17358660697937
3.0949532985687256
2.9767630100250244
2.9385578632354736
3.0831098556518555
2.9804306030273438
2.7802274227142334
2.974701404571533
2.7772042751312256
3.076396942138672
2.9835004806518555
3.1789448261260986
2.88012433052063
3.118286609649658
2.9568333625793457
2.895364284515381
3.017679214477539
2.9611406326293945
2.898958683013916
2.9000658988952637
2.8801066875457764
2.9793827533721924
2.974475622177124
3.3454854488372803
2.9831714630126953
3.0373423099517822
3.1590685844421387
3.092169761657715
2.9942739009857178
3.0599002838134766
3.0502254962921143
3.2468886375427246
2.6552908420562744
2.939842939376831
2.78024959564209
2.7839298248291016
2.9353713989257812
2.9586362838745117
2.658212423324585
3.1142771244049072
3.0009841918945312
2.9448437690734863
2.660212516784668
2.877643585205078
2.817190408706665
3.1398141384124756
3.1593635082244873
2.7999019622802734
3.0997703075408936
2.921506881713867
2.897808313369751
3.220527410507202
3.0798068046569824
2.879255533218384
2.940047025680542
3.2775683403015137
2.974459648132324
2.8584728240966797
2.9683125019073486
2.8776681423187256
3.056114673614502
2.6816494464874268
3.137507438659668
3.019084930419922
2.902881622314453
2.280365467071533
2.9776535034179688
3.136254072189331
3.176508665084839
3.113494396209717
2.635028839111328
2.9019718170166016
2.717170238494873
3.2746245861053467
3.056856870651245
2.8195793628692627
2.819943904876709
3.479008913040161
3.0332484245300293
2.95904541015625
2.8626656532287598
3.3542227745056152
2.9410364627838135
2.437075138092041
2.460557699203491
2.615342617034912
2.9197144508361816
3.2644193172454834
3.101097822189331
2.8176345825195312
2.9761550426483154
3.1190412044525146
3.1155576705932617
2.8385047912597656
2.557699680328369
2.9161853790283203
2.956906795501709
2.976262331008911
3.0399510860443115
2.8576457500457764
3.1369993686676025
2.8934390544891357
3.2825655937194824
3.1947855949401855
3.099714756011963
3.0537192821502686
3.1578025817871094
2.863675832748413
3.001415491104126
3.05953311920166
3.140702486038208
3.057528495788574
2.8382818698883057
3.140805959701538
2.9945061206817627
3.158543348312378
2.996122360229492
3.136025905609131
3.0409023761749268
2.7394039630889893
3.299560308456421
2.9005987644195557
3.1390585899353027
3.4583263397216797
2.9747087955474854
3.219972610473633
3.1194701194763184
2.8782856464385986
3.11456036567688
2.884031295776367
3.2012460231781006
3.0576672554016113
2.798464059829712
2.9395811557769775
3.05635404586792
3.0754005908966064
2.9434590339660645
2.9022293090820312
3.020899534225464
2.8959219455718994
3.0384504795074463
2.998194456100464
2.9986679553985596
2.4384374618530273
3.220649003982544
3.380617618560791
2.9336769580841064
2.8227739334106445
3.0084807872772217
2.879720449447632
3.156989574432373
2.9824445247650146
2.959625482559204
3.056126832962036
3.048266649246216
2.9178194999694824
3.0801239013671875
2.9394352436065674
3.20182728767395
2.89959979057312
2.8794314861297607
2.556581735610962
2.9153788089752197
2.9788613319396973
2.943578004837036
3.0007126331329346
3.112790584564209
3.1471779346466064
2.978292942047119
3.2772066593170166
3.0803747177124023
2.996746063232422
3.4002342224121094
3.096693754196167
2.820059061050415
2.9206631183624268
3.3853607177734375
2.8225510120391846
2.654021978378296
3.280628204345703
2.6364803314208984
2.7431249618530273
3.0601234436035156
2.9972808361053467
3.0208168029785156
3.0400638580322266
2.9380125999450684
2.9419374465942383
3.1855602264404297
2.756166934967041
3.0555436611175537
2.983156204223633
2.313812494277954
3.0620806217193604
2.982908010482788
2.821666955947876
3.140500068664551
3.0569276809692383
2.94374680519104
3.3813562393188477
2.9814813137054443
2.8819236755371094
2.734196662902832
2.979865074157715
2.498721122741699
2.800645351409912
2.881373882293701
3.058997631072998
3.0790205001831055
3.220677137374878
2.9360644817352295
2.856509208679199
2.8955800533294678
3.0568251609802246
2.9446933269500732
2.9392123222351074
2.9428799152374268
2.558849811553955
3.0176782608032227
2.5352485179901123
3.2012779712677
3.1370458602905273
3.2745890617370605
2.896909475326538
3.062762975692749
2.9925479888916016
3.186074733734131
2.831853151321411
2.8799519538879395
3.1223578453063965
2.959724187850952
3.0548644065856934
2.9422969818115234
2.7582108974456787
3.0819616317749023
2.6947364807128906
2.480442523956299
2.396592140197754
3.0421037673950195
2.8332278728485107
3.0586507320404053
3.138690233230591
2.978348970413208
2.92788028717041
2.7568280696868896
2.9754738807678223
2.7424395084381104
2.9193055629730225
3.079617977142334
3.101111650466919
2.901747226715088
3.238201379776001
2.8558456897735596
3.076932907104492
3.2979483604431152
3.038060188293457
3.0207855701446533
2.981764793395996
2.9968678951263428
3.0567684173583984
2.4425973892211914
2.9738943576812744
3.0595054626464844
2.9997072219848633
3.512157917022705
2.954789161682129
2.9003310203552246
2.8630447387695312
3.206129550933838
3.1034719944000244
3.0712759494781494
2.8600125312805176
2.9013798236846924
3.221982479095459
2.8589744567871094
3.0969836711883545
3.1015944480895996
3.0036697387695312
2.8807010650634766
3.1805100440979004
2.9968390464782715
2.942901372909546
2.882948398590088
2.8985562324523926
2.9566245079040527
2.9795143604278564
2.9999876022338867
3.141064167022705
2.856060266494751
2.873934745788574
2.8827805519104004
2.86322283744812
3.039139986038208
3.2625229358673096
2.5785293579101562
3.162745714187622
3.1173956394195557
2.959575653076172
3.0780081748962402
2.9348535537719727
2.5565524101257324
2.9190704822540283
3.676990032196045
3.6994054317474365
3.0391902923583984
3.0982649326324463
3.0593554973602295
2.716047763824463
3.0771307945251465
2.8372318744659424
3.0808937549591064
3.058396577835083
2.858816623687744
3.0775539875030518
3.0843472480773926
3.2731287479400635
3.098545789718628
3.0730245113372803
2.9399852752685547
2.6362810134887695
3.0362396240234375
2.840930223464966
2.8982131481170654
2.921266555786133
2.8598644733428955
2.9374778270721436
2.9804511070251465
2.9439871311187744
3.1181118488311768
2.978311777114868
2.999791145324707
3.1986284255981445
2.83966326713562
2.937269687652588
2.8565640449523926
2.9626073837280273
2.9980335235595703
2.8416082859039307
2.9974350929260254
2.9345719814300537
3.1561696529388428
3.0148568153381348
3.0347561836242676
2.797729015350342
2.9010884761810303
3.0655932426452637
2.9547910690307617
2.9157164096832275
2.9010446071624756
2.6182429790496826
2.858293294906616
2.7542545795440674
3.0851058959960938
3.1190409660339355
2.8176937103271484
3.057955026626587
2.937192440032959
3.281045913696289
2.959474802017212
2.862165927886963
3.3605899810791016
3.077759027481079
2.937749147415161
3.283104419708252
2.9373247623443604
3.020503282546997
3.041985511779785
2.9401278495788574
2.9011192321777344
3.184032440185547
2.420619249343872
2.958357334136963
3.101294994354248
3.017284393310547
2.5163888931274414
2.9380664825439453
2.6788747310638428
3.135127067565918
2.9369359016418457
3.679548978805542
3.1031038761138916
2.87756085395813
3.2234461307525635
2.7021515369415283
3.0762460231781006
3.018976926803589
2.4427106380462646
3.0946805477142334
2.8209006786346436
2.973332166671753
3.1217613220214844
2.881162166595459
2.7792868614196777
3.1152966022491455
3.1528522968292236
2.814755916595459
2.6740164756774902
3.2177886962890625
2.9168550968170166
2.579103946685791
2.9625942707061768
3.319040536880493
3.076718330383301
3.174123525619507
2.4388015270233154
3.078571319580078
3.1017277240753174
3.1184515953063965
3.101105213165283
2.979219913482666
2.780830144882202
3.181586742401123
3.2188143730163574
2.978044033050537
2.919757843017578
2.9028544425964355
3.003972053527832
2.897603988647461
3.3798129558563232
2.436375141143799
2.9986228942871094
3.060046672821045
2.9169631004333496
2.4127776622772217
3.176211357116699
3.057830333709717
2.681790351867676
3.0131983757019043
2.9831480979919434
3.0774126052856445
2.7206523418426514
3.156153440475464
2.9570226669311523
3.0786385536193848
2.9213039875030518
3.002718925476074
2.958390474319458
3.0171921253204346
2.7981739044189453
3.180222272872925
3.0770182609558105
2.838841676712036
2.802748680114746
2.916849136352539
2.858891248703003
3.1000614166259766
2.996206045150757
2.995257616043091
3.2366466522216797
3.27553653717041
3.0374786853790283
3.079684257507324
3.0007643699645996
3.0830459594726562
3.2982919216156006
2.9435219764709473
2.955026626586914
2.8413660526275635
2.9946255683898926
2.900190830230713
2.996986150741577
2.9977617263793945
3.0016963481903076
2.9803152084350586
3.2544705867767334
2.940643787384033
3.4156558513641357
2.856229782104492
2.9015536308288574
3.080139636993408
2.943668842315674
2.939532995223999
3.1590001583099365
2.879612445831299
3.0994455814361572
3.01747465133667
3.05861496925354
2.8210175037384033
3.117938756942749
2.9221322536468506
2.9971256256103516
2.979647636413574
2.8578672409057617
2.9277215003967285
3.120241165161133
2.599421977996826
3.0185391902923584
2.8199496269226074
2.978523015975952
3.0593528747558594
2.9808084964752197
2.9193918704986572
2.8182175159454346
2.9794511795043945
2.9247212409973145
3.039214611053467
2.9818203449249268
3.061711549758911
2.9610533714294434
3.202604293823242
2.9165430068969727
3.156850576400757
2.8767893314361572
2.977644443511963
2.8389832973480225
3.1796059608459473
2.9798972606658936
2.9594457149505615
3.2379443645477295
3.0201516151428223
3.21769642829895
2.9382452964782715
3.021183490753174
2.818110227584839
3.0573573112487793
3.0216903686523438
2.9986443519592285
2.918221950531006
3.0016090869903564
3.1879756450653076
3.096553087234497
3.000215768814087
3.4989967346191406
3.116647720336914
2.7208924293518066
2.942593574523926
2.877202272415161
3.115598201751709
2.9628405570983887
3.038027048110962
3.0612878799438477
3.2684526443481445
3.0006115436553955
2.881869077682495
3.066330671310425
2.817857265472412
3.021908760070801
2.960590362548828
3.0175535678863525
2.8762388229370117
3.2984282970428467
2.8804147243499756
2.899125099182129
3.184375524520874
2.3347065448760986
3.457205295562744
3.044834852218628
2.782216787338257
2.919308662414551
2.678779125213623
3.015927791595459
2.7354917526245117
3.038640022277832
2.862560987472534
2.880584478378296
2.869555950164795
3.160069227218628
3.0003936290740967
2.9196414947509766
2.8236777782440186
3.033339738845825
2.9752395153045654
2.918313980102539
2.9543213844299316
2.801584005355835
2.942845344543457
2.9595911502838135
2.921074867248535
2.8983893394470215
2.995638847351074
2.9620766639709473
2.7397379875183105
2.821636199951172
3.1190104484558105
2.900327682495117
2.619588851928711
3.121105432510376
3.210995674133301
2.939192295074463
2.94303297996521
2.9592676162719727
3.097456216812134
3.6309170722961426
2.960611581802368
2.5377161502838135
2.9751603603363037
3.057568073272705
2.921607494354248
2.9190635681152344
3.0193474292755127
3.09964656829834
2.8577346801757812
2.9003782272338867
3.3775651454925537
2.9228737354278564
2.8589606285095215
2.859848737716675
2.558410406112671
2.6001296043395996
2.5590980052948
2.8582890033721924
2.9355077743530273
3.138770818710327
2.7414329051971436
2.898559808731079
3.139918804168701
2.9562618732452393
3.037135601043701
2.98120379447937
3.2175581455230713
3.0148885250091553
2.9222018718719482
3.1566240787506104
2.8416805267333984
3.0542397499084473
3.0557303428649902
2.880228281021118
2.961594820022583
2.73516583442688
3.136504888534546
3.0580949783325195
2.6590735912323
2.6333765983581543
3.000596523284912
2.9589931964874268
2.9612722396850586
3.0555155277252197
3.138824939727783
3.965463161468506
3.4007647037506104
3.040837526321411
3.0806167125701904
3.075144052505493
3.53826642036438
2.8561794757843018
3.019559860229492
2.62011981010437
2.734311580657959
2.861858367919922
3.1975784301757812
2.9628055095672607
3.0335276126861572
3.0764222145080566
3.0602660179138184
2.901624917984009
3.3801536560058594
2.9400107860565186
3.0404834747314453
3.2556748390197754
3.0957014560699463
2.899113178253174
2.9175474643707275
3.4026668071746826
3.1218535900115967
2.941506862640381
3.1540396213531494
3.0549821853637695
3.0621299743652344
3.002385377883911
2.9951627254486084
2.861090660095215
3.060835838317871
3.0603525638580322
2.977275848388672
3.117276668548584
3.1592366695404053
3.003997564315796
2.882631778717041
2.838569402694702
3.2606801986694336
2.9613308906555176
3.03841233253479
3.0993492603302
3.0561330318450928
2.939434289932251
2.801443338394165
3.1436965465545654
2.7012460231781006
3.018235683441162
2.9194865226745605
2.803358554840088
3.235851287841797
3.0206191539764404
2.9605071544647217
2.823049545288086
2.959550380706787
3.061030864715576
2.876866102218628
2.915719747543335
3.0153374671936035
3.2962448596954346
2.921933174133301
3.1730988025665283
2.8601362705230713
2.8362317085266113
3.001053810119629
3.017516613006592
2.8786253929138184
2.9406309127807617
2.939379930496216
2.9798471927642822
2.6613833904266357
2.958097457885742
3.217582941055298
3.072435140609741
2.8617477416992188
2.9766182899475098
2.9846794605255127
3.043497323989868
3.5291430950164795
2.922637462615967
2.9419002532958984
2.9359259605407715
2.981304883956909
2.9837653636932373
3.156292676925659
3.0183193683624268
3.061091661453247
2.980628252029419
3.062988758087158
2.8995890617370605
3.1003780364990234
3.199411392211914
3.14072322845459
3.00083589553833
3.3948822021484375
2.940216064453125
3.134796619415283
3.119513750076294
3.0398898124694824
2.820364236831665
2.922610282897949
2.7327983379364014
3.0560250282287598
2.9529852867126465
3.0405526161193848
3.0175445079803467
3.1000912189483643
2.8799195289611816
3.101466417312622
2.880581855773926
3.003190517425537
3.0413424968719482
2.86083984375
3.218794345855713
3.042593240737915
2.922135353088379
2.999415636062622
3.514338493347168
3.0008959770202637
2.9227633476257324
2.9561283588409424
3.1548779010772705
2.7956724166870117
3.0805327892303467
2.9802513122558594
2.8411548137664795
2.941840171813965
2.7828338146209717
3.0394978523254395
2.9171481132507324
2.878145694732666
2.9565999507904053
3.1200411319732666
2.942336082458496
3.0165226459503174
2.8803277015686035
2.8536295890808105
3.1157851219177246
2.921265125274658
3.0766613483428955
3.0604465007781982
3.0374257564544678
2.9379711151123047
2.7587954998016357
3.120471715927124
2.7567429542541504
2.9400241374969482
3.2011241912841797
2.920858144760132
3.0171215534210205
2.4337947368621826
3.082380533218384
3.2218668460845947
2.880718946456909
3.160693883895874
3.0600736141204834
3.0196855068206787
3.022298812866211
2.9725255966186523
2.9175913333892822
3.1974070072174072
3.242530345916748
2.8769195079803467
2.7603955268859863
2.9044978618621826
3.0159919261932373
3.222205877304077
3.062110424041748
2.4599595069885254
3.1734540462493896
2.937191963195801
3.1161015033721924
3.0786831378936768
2.6971724033355713
2.9345932006835938
3.0204215049743652
2.854797601699829
3.0199873447418213
2.7796239852905273
2.8391072750091553
2.8414721488952637
2.9798130989074707
2.776289224624634
2.8560547828674316
2.899827480316162
2.996037483215332
2.8628485202789307
3.2606210708618164
3.1379611492156982
2.220580577850342
3.2650222778320312
2.978170394897461
2.9137070178985596
3.0145657062530518
2.7011804580688477
3.1755263805389404
3.0164895057678223
3.4107747077941895
2.7185754776000977
3.1125032901763916
3.211717367172241
3.021937608718872
3.05798077583313
2.6996407508850098
3.079576253890991
3.019169569015503
2.994000196456909
3.100196361541748
2.5025436878204346
3.2605104446411133
3.013115406036377
2.9555037021636963
2.9368221759796143
3.0019772052764893
3.1569530963897705
2.921541690826416
2.9797940254211426
2.9799394607543945
2.9984657764434814
2.8975863456726074
2.9560911655426025
3.0423123836517334
2.9008610248565674
3.1355361938476562
3.0401625633239746
2.954346179962158
2.941046714782715
2.995461940765381
3.0580461025238037
3.256538152694702
2.939774990081787
2.9811975955963135
2.8545823097229004
2.859684467315674
3.0110738277435303
2.66052508354187
3.23724365234375
2.9371676445007324
3.1172280311584473
2.9985949993133545
3.116929292678833
2.7587921619415283
2.917147397994995
3.080169439315796
2.9768338203430176
3.038954973220825
2.957953929901123
3.0590386390686035
2.974285364151001
2.9369759559631348
2.9202144145965576
3.252232074737549
3.079774856567383
3.0168185234069824
3.739314079284668
2.9005792140960693
3.0400097370147705
2.840085744857788
2.7034194469451904
3.0370233058929443
3.567648410797119
3.0579023361206055
3.079953670501709
3.1025257110595703
3.3387036323547363
3.019942283630371
3.0620267391204834
3.0744054317474365
3.140805244445801
2.975546360015869
2.982938766479492
3.0533242225646973
3.1026439666748047
3.020568370819092
3.1563074588775635
2.9810855388641357
3.0440738201141357
2.8985841274261475
3.1048457622528076
3.0400097370147705
2.921544075012207
2.913487195968628
3.101999282836914
3.077670097351074
3.0221495628356934
3.035421133041382
2.979300022125244
3.182565212249756
3.0773165225982666
3.249816656112671
3.005584716796875
3.1173923015594482
3.1188783645629883
3.1423444747924805
3.2580673694610596
3.0279438495635986
3.161987781524658
2.6142663955688477
3.0208234786987305
3.097470760345459
2.9210829734802246
3.2365047931671143
3.1618475914001465
3.0558152198791504
2.8400704860687256
2.917686939239502
3.100069761276245
2.8800387382507324
3.378635883331299
2.8417975902557373
3.0550637245178223
3.137122869491577
3.1169393062591553
2.8386549949645996
3.0032882690429688
3.039050817489624
3.180197238922119
2.9034039974212646
2.901742935180664
2.961674451828003
2.938380241394043
2.9813342094421387
2.976553201675415
2.9417777061462402
2.981288194656372
2.9368529319763184
2.961366653442383
2.9999964237213135
2.920768976211548
3.082831859588623
2.8835129737854004
3.0203135013580322
2.9199116230010986
2.9594080448150635
2.922492265701294
2.8179471492767334
2.8242640495300293
2.861274480819702
2.980581045150757
2.857633352279663
2.87507700920105
2.981524705886841
3.0959508419036865
2.7796483039855957
2.980449914932251
2.937371253967285
2.92238187789917
2.935743808746338
2.921130895614624
3.039522647857666
2.95737624168396
2.96081805229187
3.216236114501953
2.8224332332611084
2.9574294090270996
2.998039484024048
3.138378858566284
3.0380616188049316
2.9946482181549072
3.1587085723876953
2.9601457118988037
3.115877866744995
3.1570920944213867
2.9803943634033203
2.842348098754883
2.8575937747955322
3.0413451194763184
3.3340325355529785
2.9437150955200195
2.7008354663848877
3.0002846717834473
2.9953064918518066
2.719721555709839
2.8778088092803955
2.978661060333252
2.882378101348877
3.002837657928467
2.9025967121124268
3.057194471359253
2.9396908283233643
3.060019016265869
3.078051805496216
2.9001388549804688
3.121239185333252
3.11086106300354
2.9412119388580322
2.936807870864868
3.2150092124938965
2.9636218547821045
2.900430679321289
2.8984897136688232
3.043663740158081
3.056385040283203
2.9175002574920654
2.977224111557007
2.9977567195892334
2.953486442565918
2.9367878437042236
2.9769837856292725
2.877610683441162
3.1011476516723633
2.917009115219116
3.120014190673828
3.001098155975342
2.939342498779297
2.78068470954895
3.0596392154693604
3.2181692123413086
3.0390632152557373
3.156493902206421
3.10880970954895
3.182142496109009
3.0425662994384766
3.0793256759643555
3.0222721099853516
3.034909963607788
3.061088800430298
2.8637351989746094
2.9584107398986816
3.304828405380249
3.0198004245758057
2.916151762008667
2.995220184326172
2.9223544597625732
3.0216076374053955
3.3324310779571533
2.4595344066619873
2.9407153129577637
2.8389079570770264
3.140078067779541
2.961092948913574
2.819427251815796
3.0388877391815186
3.1559534072875977
2.9822986125946045
3.2385590076446533
3.1997315883636475
2.998908519744873
3.0389468669891357
3.0363473892211914
3.2362022399902344
4.449470281600952
3.0780277252197266
3.06032657623291
3.1182734966278076
2.8787074089050293
2.756040096282959
2.9410226345062256
3.038696050643921
3.1603989601135254
2.977442502975464
3.0664877891540527
3.541388511657715
3.117689609527588
2.8594934940338135
3.0626931190490723
3.0175883769989014
2.6760268211364746
2.9202044010162354
2.939016103744507
3.1354267597198486
2.841989517211914
2.972428560256958
3.1817924976348877
2.8738911151885986
2.97397518157959
2.816311836242676
2.9574601650238037
2.933929443359375
2.963059663772583
2.898489236831665
2.862799644470215
3.020676374435425
2.9184341430664062
3.217132568359375
2.741825819015503
2.862159490585327
2.9805452823638916
2.8812665939331055
2.8803131580352783
2.9368093013763428
2.9377501010894775
3.3005290031433105
2.8965349197387695
3.099911689758301
2.854036808013916
3.0966784954071045
3.053434133529663
3.2051501274108887
2.9973833560943604
2.915036916732788
2.9176723957061768
2.8441240787506104
3.9311234951019287
2.9161922931671143
3.0988247394561768
2.8959827423095703
2.921308755874634
2.6791791915893555
3.096092462539673
3.0007848739624023
2.8607470989227295
2.7953174114227295
2.817131996154785
2.9165897369384766
2.9558866024017334
2.853039264678955
2.979736804962158
3.0433077812194824
3.019376039505005
2.9208946228027344
3.0204288959503174
2.9190304279327393
3.05749249458313
2.9588732719421387
3.0400028228759766
3.015350103378296
3.180598020553589
2.8781161308288574
3.442016124725342
2.882596254348755
3.1202433109283447
3.0202386379241943
3.0985491275787354
3.260061025619507
2.920508623123169
2.996494770050049
2.9609375
3.0751724243164062
2.878786325454712
2.8184235095977783
2.9929006099700928
3.04060697555542
3.6633739471435547
2.9388580322265625
3.3229243755340576
3.0164005756378174
2.8827199935913086
2.9811291694641113
3.7616007328033447
3.0807979106903076
3.0638082027435303
2.9195690155029297
3.0772125720977783
3.1199951171875
2.5781400203704834
3.194801092147827
3.7207229137420654
3.0404086112976074
3.1733884811401367
2.956761360168457
2.936882257461548
2.9336678981781006
3.1141300201416016
3.1792023181915283
3.0133447647094727
2.9168176651000977
2.919517755508423
2.9828615188598633
3.0191855430603027
2.9180917739868164
3.0611774921417236
2.9203031063079834
3.0228497982025146
3.320662260055542
2.835399866104126
3.1175782680511475
3.055159091949463
2.997420310974121
3.281564712524414
2.986967086791992
2.9609434604644775
2.8200671672821045
3.731487512588501
3.1746206283569336
3.062256336212158
3.076158285140991
3.3814544677734375
3.057516098022461
3.264141798019409
2.9005935192108154
3.0217349529266357
2.9136741161346436
2.8607490062713623
2.976067543029785
2.8407347202301025
3.278048038482666
3.053370237350464
2.8350675106048584
3.059964656829834
3.1022861003875732
3.0197904109954834
2.9403488636016846
3.086578369140625
2.93928861618042
2.9184532165527344
2.820296049118042
2.9401721954345703
2.937546968460083
2.8003411293029785
3.0979561805725098
2.938488721847534
3.0146141052246094
3.0222902297973633
2.96228289604187
2.781930446624756
2.979407787322998
2.439448595046997
3.559112787246704
2.938957691192627
3.0780153274536133
2.8791656494140625
2.9184844493865967
2.8605926036834717
2.840181350708008
2.800886631011963
3.1003224849700928
2.8580634593963623
2.8803179264068604
2.8973217010498047
2.961477756500244
3.0574707984924316
2.897176504135132
2.8942058086395264
3.318037748336792
2.9148049354553223
2.8986082077026367
2.760584592819214
2.8793210983276367
2.9635791778564453
2.916661500930786
2.823179006576538
2.841573715209961
2.8635830879211426
3.557166814804077
2.8992197513580322
2.9773669242858887
2.9417977333068848
2.89346981048584
2.8375818729400635
2.979297399520874
2.915717840194702
3.020293951034546
3.013868808746338
3.1162538528442383
2.721083164215088
2.8423779010772705
3.0813746452331543
3.037142276763916
3.0580546855926514
2.9378600120544434
3.0192673206329346
2.893573760986328
2.980470895767212
3.0353782176971436
3.1200952529907227
2.919581651687622
2.9973342418670654
2.9949951171875
3.001842737197876
2.9605929851531982
2.8383777141571045
3.002124547958374
3.043351888656616
3.5606932640075684
2.856245994567871
2.660160541534424
3.0142927169799805
2.8993606567382812
2.9814093112945557
3.0396106243133545
2.86142635345459
2.901855230331421
2.8825719356536865
2.8228650093078613
3.8231351375579834
2.942974328994751
3.100571870803833
2.909006357192993
3.0760185718536377
2.9194231033325195
2.9375553131103516
3.1189627647399902
3.0799806118011475
2.9198365211486816
3.0980308055877686
2.9627974033355713
2.859421491622925
3.1171767711639404
3.052638292312622
2.995346784591675
3.098789691925049
3.040912628173828
3.157595634460449
2.897777795791626
2.941023111343384
2.954616069793701
2.9602622985839844
2.9161767959594727
2.8810384273529053
2.9424030780792236
3.0346531867980957
2.9617114067077637
2.8199424743652344
2.9954674243927
3.0216965675354004
2.982034206390381
2.8622398376464844
2.8143246173858643
3.06179141998291
2.983466386795044
3.036672830581665
